-0.720000 -0.620000 226.266813 228.801468
-0.720000 -0.590000 226.461047 62.245269
-0.720000 -0.560000 226.658835 31.479166
-0.720000 -0.530000 226.857498 20.758636
-0.720000 -0.500000 227.053150 15.819831
-0.720000 -0.470000 227.240219 13.138699
-0.720000 -0.440000 227.410803 11.503051
-0.720000 -0.410000 227.553747 10.401580
-0.720000 -0.380000 227.653397 9.584953
-0.720000 -0.350000 227.687891 8.917068
-0.720000 -0.320000 227.626937 8.317028
-0.720000 -0.290000 227.429109 7.735160
-0.720000 -0.260000 227.039082 7.144656
-0.720000 -0.230000 226.386107 6.542849
-0.720000 -0.200000 225.386938 5.960714
-0.720000 -0.170000 223.959827 5.480028
-0.720000 -0.140000 222.060418 5.253813
-0.720000 -0.110000 219.750445 5.514266
-0.720000 -0.080000 217.292164 6.534093
-0.720000 -0.050000 215.209768 8.503246
-0.720000 -0.020000 214.200803 11.341905
-0.720000 0.010000 214.834090 14.595762
-0.720000 0.040000 217.205520 17.586239
-0.720000 0.070000 220.873261 19.753523
-0.720000 0.100000 225.141273 20.894340
-0.720000 0.130000 229.408471 21.128856
-0.720000 0.160000 233.329998 20.718195
-0.720000 0.190000 236.791044 19.911186
-0.720000 0.220000 239.812211 18.879908
-0.720000 0.250000 242.467921 17.716512
-0.720000 0.280000 244.838475 16.452643
-0.720000 0.310000 246.988405 15.080029
-0.720000 0.340000 248.959875 13.564905
-0.720000 0.370000 250.773500 11.854638
-0.720000 0.400000 252.432459 9.875226
-0.720000 0.430000 253.927805 7.515210
-0.720000 0.460000 255.243778 4.582956
-0.720000 0.490000 256.362436 0.698767
-0.720000 0.520000 257.267245 -5.006376
-0.720000 0.550000 257.945552 -14.905423
-0.720000 0.580000 258.390032 -37.480287
-0.720000 0.610000 258.599320 -123.421187
-0.690000 -0.620000 59.579777 228.996702
-0.690000 -0.590000 59.781615 62.445639
-0.690000 -0.560000 59.988217 31.682479
-0.690000 -0.530000 60.196889 20.961620
-0.690000 -0.500000 60.403578 16.017691
-0.690000 -0.470000 60.602289 13.324485
-0.690000 -0.440000 60.784218 11.666757
-0.690000 -0.410000 60.936485 10.528843
-0.690000 -0.380000 61.040255 9.655197
-0.690000 -0.350000 61.067943 8.900863
-0.690000 -0.320000 60.979086 8.172436
-0.690000 -0.290000 60.714348 7.402934
-0.690000 -0.260000 60.187184 6.542623
-0.690000 -0.230000 59.273383 5.561247
-0.690000 -0.200000 57.801253 4.463745
-0.690000 -0.170000 55.552349 3.326196
-0.690000 -0.140000 52.298636 2.358693
-0.690000 -0.110000 47.926844 1.983924
-0.690000 -0.080000 42.704471 2.857820
-0.690000 -0.050000 37.621722 5.658349
-0.690000 -0.020000 34.414255 10.516921
-0.690000 0.010000 34.738905 16.473009
-0.690000 0.040000 38.893201 21.805942
-0.690000 0.070000 45.549311 25.206343
-0.690000 0.100000 52.861441 26.477007
-0.690000 0.130000 59.562658 26.191993
-0.690000 0.160000 65.184688 25.054825
-0.690000 0.190000 69.758698 23.566431
-0.690000 0.220000 73.502608 21.990238
-0.690000 0.250000 76.650770 20.423509
-0.690000 0.280000 79.391046 18.869008
-0.690000 0.310000 81.852580 17.281595
-0.690000 0.340000 84.111747 15.593442
-0.690000 0.370000 86.203120 13.724613
-0.690000 0.400000 88.131134 11.581700
-0.690000 0.430000 89.881025 9.041529
-0.690000 0.460000 91.428295 5.907416
-0.690000 0.490000 92.746154 1.799806
-0.690000 0.520000 93.810779 -4.146579
-0.690000 0.550000 94.604560 -14.298790
-0.690000 0.580000 95.117723 -37.131824
-0.690000 0.610000 95.348791 -123.328812
-0.660000 -0.620000 28.689573 229.199359
-0.660000 -0.590000 28.900041 62.654853
-0.660000 -0.560000 29.117036 31.896173
-0.660000 -0.530000 29.338059 21.176566
-0.660000 -0.500000 29.559185 16.228983
-0.660000 -0.470000 29.774389 13.524770
-0.660000 -0.440000 29.974502 11.845070
-0.660000 -0.410000 30.145616 10.668847
-0.660000 -0.380000 30.266562 9.732465
-0.660000 -0.350000 30.304899 8.878675
-0.660000 -0.320000 30.210413 7.995235
-0.660000 -0.290000 29.904487 6.986183
-0.660000 -0.260000 29.262644 5.757485
-0.660000 -0.230000 28.086314 4.212846
-0.660000 -0.200000 26.059462 2.265285
-0.660000 -0.170000 22.691378 -0.115757
-0.660000 -0.140000 17.275837 -2.777881
-0.660000 -0.110000 8.991927 -5.115465
-0.660000 -0.080000 -2.524932 -5.677547
-0.660000 -0.050000 -15.751578 -2.149086
-0.660000 -0.020000 -25.832958 7.059179
-0.660000 0.010000 -26.652482 19.816131
-0.660000 0.040000 -16.987702 30.626601
-0.660000 0.070000 -2.010255 35.876615
-0.660000 0.100000 12.490040 36.219497
-0.660000 0.130000 23.963470 34.022853
-0.660000 0.160000 32.357303 31.076508
-0.660000 0.190000 38.456328 28.223295
-0.660000 0.220000 43.048574 25.718708
-0.660000 0.250000 46.711728 23.553690
-0.660000 0.280000 49.822038 21.621831
-0.660000 0.310000 52.605569 19.789651
-0.660000 0.340000 55.182658 17.923068
-0.660000 0.370000 57.600680 15.895093
-0.660000 0.400000 59.859058 13.581727
-0.660000 0.430000 61.929337 10.843062
-0.660000 0.460000 63.770992 7.476594
-0.660000 0.490000 65.342852 3.104685
-0.660000 0.520000 66.610314 -3.131236
-0.660000 0.550000 67.549129 -13.589078
-0.660000 0.580000 68.146771 -36.733913
-0.660000 0.610000 68.402309 -123.239215
-0.630000 -0.620000 17.854192 229.410184
-0.630000 -0.590000 18.074183 62.874135
-0.630000 -0.560000 18.303049 32.122148
-0.630000 -0.530000 18.538734 21.406323
-0.630000 -0.500000 18.777812 16.457900
-0.630000 -0.470000 19.014759 13.745642
-0.630000 -0.440000 19.240824 12.046755
-0.630000 -0.410000 19.442208 10.834101
-0.630000 -0.380000 19.597060 9.834428
-0.630000 -0.350000 19.670403 8.875022
-0.630000 -0.320000 19.605302 7.818235
-0.630000 -0.290000 19.307011 6.525415
-0.630000 -0.260000 18.613623 4.829265
-0.630000 -0.230000 17.240082 2.505747
-0.630000 -0.200000 14.669037 -0.755428
-0.630000 -0.170000 9.937781 -5.363634
-0.630000 -0.140000 1.244853 -11.738731
-0.630000 -0.110000 -14.618875 -19.825967
-0.630000 -0.080000 -42.263290 -27.468722
-0.630000 -0.050000 -83.546742 -27.196424
-0.630000 -0.020000 -124.205845 -7.343547
-0.630000 0.010000 -130.982551 29.126584
-0.630000 0.040000 -95.685421 56.262139
-0.630000 0.070000 -49.552323 61.780867
-0.630000 0.100000 -14.942484 55.408882
-0.630000 0.130000 6.497342 46.808163
-0.630000 0.160000 19.333119 39.531279
-0.630000 0.190000 27.356584 34.071880
-0.630000 0.220000 32.809413 30.072689
-0.630000 0.250000 36.917041 27.076893
-0.630000 0.280000 40.342389 24.696166
-0.630000 0.310000 43.436609 22.620234
-0.630000 0.340000 46.366104 20.600289
-0.630000 0.370000 49.181446 18.434783
-0.630000 0.400000 51.862336 15.955049
-0.630000 0.430000 54.351498 12.999872
-0.630000 0.460000 56.580032 9.362546
-0.630000 0.490000 58.484135 4.672122
-0.630000 0.520000 60.014092 -1.917625
-0.630000 0.550000 61.137628 -12.750235
-0.630000 0.580000 61.839972 -36.276529
-0.630000 0.610000 62.122360 -123.156937
-0.600000 -0.620000 12.812780 229.629730
-0.600000 -0.590000 13.042926 63.104510
-0.600000 -0.560000 13.284852 32.362120
-0.600000 -0.530000 13.537222 21.653620
-0.600000 -0.500000 13.797514 16.708655
-0.600000 -0.470000 14.061332 13.993513
-0.600000 -0.440000 14.321308 12.281497
-0.600000 -0.410000 14.565271 11.039209
-0.600000 -0.380000 14.773109 9.983120
-0.600000 -0.350000 14.911208 8.923174
-0.600000 -0.320000 14.922201 7.691475
-0.600000 -0.290000 14.705162 6.094593
-0.600000 -0.260000 14.075294 3.861624
-0.600000 -0.230000 12.676662 0.562860
-0.600000 -0.200000 9.779701 -4.542116
-0.600000 -0.170000 3.773166 -12.809990
-0.600000 -0.140000 -9.220315 -26.831202
-0.600000 -0.110000 -39.393935 -51.487119
-0.600000 -0.080000 -115.059840 -93.920695
-0.600000 -0.050000 -305.496120 -147.783708
-0.600000 -0.020000 -647.738623 -117.148619
-0.600000 0.010000 -738.245620 94.292267
-0.600000 0.040000 -405.931972 191.572806
-0.600000 0.070000 -155.566360 147.517138
-0.600000 0.100000 -49.558800 98.313840
-0.600000 0.130000 -6.640014 68.274256
-0.600000 0.160000 12.634914 51.140986
-0.600000 0.190000 22.605114 41.085850
-0.600000 0.220000 28.637554 34.894673
-0.600000 0.250000 32.948417 30.865077
-0.600000 0.280000 36.548276 28.031984
-0.600000 0.310000 39.916326 25.784224
-0.600000 0.340000 43.250628 23.694701
-0.600000 0.370000 46.579682 21.451744
-0.600000 0.400000 49.832980 18.825918
-0.600000 0.430000 52.896259 15.633412
-0.600000 0.460000 55.651851 11.670992
-0.600000 0.490000 58.001972 6.585261
-0.600000 0.520000 59.877642 -0.447434
-0.600000 0.550000 61.238859 -11.748230
-0.600000 0.580000 62.071130 -35.747891
-0.600000 0.610000 62.381281 -123.089700
-0.570000 -0.620000 10.044916 229.858241
-0.570000 -0.590000 10.285447 63.346647
-0.570000 -0.560000 10.541136 32.617393
-0.570000 -0.530000 10.811626 21.920726
-0.570000 -0.500000 11.095698 16.984990
-0.570000 -0.470000 11.390721 14.274387
-0.570000 -0.440000 11.691734 12.558828
-0.570000 -0.410000 11.989890 11.299296
-0.570000 -0.380000 12.269696 10.202703
-0.570000 -0.350000 12.503944 9.062184
-0.570000 -0.320000 12.643940 7.679052
-0.570000 -0.290000 12.599547 5.800559
-0.570000 -0.260000 12.195501 3.034265
-0.570000 -0.230000 11.067189 -1.318140
-0.570000 -0.200000 8.383901 -8.649280
-0.570000 -0.170000 2.004506 -22.100114
-0.570000 -0.140000 -14.629391 -49.967677
-0.570000 -0.110000 -67.491063 -119.809607
-0.570000 -0.080000 -314.953301 -365.969433
-0.570000 -0.050000 -3326.141834 -2373.263066
-0.570000 -0.020000 -99406.893039 -28389.930504
-0.570000 0.010000 -26878.703857 3862.301620
-0.570000 0.040000 -13706.374817 7866.139365
-0.570000 0.070000 -587.006383 633.365404
-0.570000 0.100000 -101.175781 204.312406
-0.570000 0.130000 -15.470604 102.901433
-0.570000 0.160000 10.435926 65.748899
-0.570000 0.190000 21.221156 48.682831
-0.570000 0.220000 27.025268 39.736349
-0.570000 0.250000 31.046594 34.642628
-0.570000 0.280000 34.565074 31.510594
-0.570000 0.310000 38.148980 29.299875
-0.570000 0.340000 41.992684 27.330250
-0.570000 0.370000 46.050036 25.132784
-0.570000 0.400000 50.138100 22.400301
-0.570000 0.430000 54.032436 18.935405
-0.570000 0.460000 57.533794 14.560497
-0.570000 0.490000 60.497337 8.962709
-0.570000 0.520000 62.834467 1.358500
-0.570000 0.550000 64.502826 -10.539543
-0.570000 0.580000 65.495032 -35.135325
-0.570000 0.610000 65.830096 -123.050798
-0.540000 -0.620000 8.342847 230.095548
-0.540000 -0.590000 8.593462 63.600689
-0.540000 -0.560000 8.862935 32.888616
-0.540000 -0.530000 9.152095 22.209086
-0.540000 -0.500000 9.461360 17.289610
-0.540000 -0.470000 9.790400 14.592984
-0.540000 -0.440000 10.137569 12.886738
-0.540000 -0.410000 10.498895 11.627763
-0.540000 -0.380000 10.866258 10.515768
-0.540000 -0.350000 11.223956 9.330772
-0.540000 -0.320000 11.541860 7.849096
-0.540000 -0.290000 11.760915 5.767508
-0.540000 -0.260000 11.759790 2.583665
-0.540000 -0.230000 11.269905 -2.664342
-0.540000 -0.200000 9.627573 -12.087901
-0.540000 -0.170000 4.903449 -31.168147
-0.540000 -0.140000 -10.130514 -78.127911
-0.540000 -0.110000 -78.161129 -247.005878
-0.540000 -0.080000 -1052.360015 -2124.745130
-0.540000 -0.050000 -2575.295257 -3225.525518
-0.540000 -0.020000 -465.743770 -223.949305
-0.540000 0.010000 -402.051217 126.559500
-0.540000 0.040000 -1016.143795 1061.121865
-0.540000 0.070000 -7821.187744 13752.706961
-0.540000 0.100000 -146.720779 454.598384
-0.540000 0.130000 -11.604025 148.917358
-0.540000 0.160000 13.754000 80.623440
-0.540000 0.190000 22.294425 55.366516
-0.540000 0.220000 26.424074 43.758419
-0.540000 0.250000 29.352201 37.935880
-0.540000 0.280000 32.373648 34.939979
-0.540000 0.310000 36.106052 33.225742
-0.540000 0.340000 40.697718 31.757908
-0.540000 0.370000 45.918680 29.829783
-0.540000 0.400000 51.335517 27.040793
-0.540000 0.430000 56.507621 23.219920
-0.540000 0.460000 61.104655 18.272744
-0.540000 0.490000 64.928777 11.973353
-0.540000 0.520000 67.885963 3.605794
-0.540000 0.550000 69.949563 -9.070608
-0.540000 0.580000 71.134570 -34.427511
-0.540000 0.610000 71.483767 -123.063047
-0.510000 -0.620000 7.200647 230.340967
-0.510000 -0.590000 7.460413 63.866117
-0.510000 -0.560000 7.742851 33.175561
-0.510000 -0.530000 8.050097 22.518974
-0.510000 -0.500000 8.384411 17.623638
-0.510000 -0.470000 8.748111 14.951853
-0.510000 -0.440000 9.143454 13.270190
-0.510000 -0.410000 9.572392 12.033733
-0.510000 -0.380000 10.036106 10.938813
-0.510000 -0.350000 10.534086 9.758994
-0.510000 -0.320000 11.062244 8.257816
-0.510000 -0.290000 11.608833 6.105261
-0.510000 -0.260000 12.144837 2.738266
-0.510000 -0.230000 12.598783 -2.958377
-0.510000 -0.200000 12.780070 -13.545444
-0.510000 -0.170000 12.090767 -36.140412
-0.510000 -0.140000 8.020291 -97.385534
-0.510000 -0.110000 -18.533772 -376.242448
-0.510000 -0.080000 -1943.064939 -15673.538521
-0.510000 -0.050000 -150.153291 -829.633083
-0.510000 -0.020000 -59.435434 -140.153169
-0.510000 0.010000 -72.868888 116.968581
-0.510000 0.040000 -82.464709 447.014131
-0.510000 0.070000 -3818.281525 26924.937789
-0.510000 0.100000 -50.517983 786.665601
-0.510000 0.130000 14.121012 183.768038
-0.510000 0.160000 22.540313 89.646173
-0.510000 0.190000 24.653442 58.817231
-0.510000 0.220000 25.229814 45.706194
-0.510000 0.250000 25.820966 39.967640
-0.510000 0.280000 27.595713 37.998837
-0.510000 0.310000 31.395055 37.736574
-0.510000 0.340000 37.325209 37.541747
-0.510000 0.370000 44.692076 36.268886
-0.510000 0.400000 52.451011 33.428786
-0.510000 0.430000 59.720411 29.020162
-0.510000 0.460000 65.984363 23.179003
-0.510000 0.490000 71.030441 15.853994
-0.510000 0.520000 74.817749 6.430511
-0.510000 0.550000 77.381944 -7.279680
-0.510000 0.580000 78.790390 -33.619064
-0.510000 0.610000 79.128096 -123.165033
-0.480000 -0.620000 6.375342 230.593238
-0.480000 -0.590000 6.642629 64.141640
-0.480000 -0.560000 6.936273 33.476959
-0.480000 -0.530000 7.259730 22.849236
-0.480000 -0.500000 7.617134 17.986191
-0.480000 -0.470000 8.013525 15.350661
-0.480000 -0.440000 8.455205 13.709893
-0.480000 -0.410000 8.950323 12.519864
-0.480000 -0.380000 9.509886 11.478149
-0.480000 -0.350000 10.149619 10.360200
-0.480000 -0.320000 10.893638 8.932729
-0.480000 -0.290000 11.782301 6.871737
-0.480000 -0.260000 12.890585 3.627174
-0.480000 -0.230000 14.376216 -1.883606
-0.480000 -0.200000 16.625640 -12.124491
-0.480000 -0.170000 20.797148 -33.848633
-0.480000 -0.140000 31.592749 -91.716091
-0.480000 -0.110000 82.780243 -342.084516
-0.480000 -0.080000 2195.839339 -8689.587186
-0.480000 -0.050000 434.563557 -1015.767791
-0.480000 -0.020000 182.783403 -139.390060
-0.480000 0.010000 183.584405 103.557615
-0.480000 0.040000 267.419000 510.687632
-0.480000 0.070000 28433.294263 99452.935719
-0.480000 0.100000 160.055905 695.625342
-0.480000 0.130000 49.160684 175.917119
-0.480000 0.160000 32.696053 87.046618
-0.480000 0.190000 25.945165 56.692176
-0.480000 0.220000 20.770377 43.744369
-0.480000 0.250000 16.574245 39.183429
-0.480000 0.280000 15.190726 39.948880
-0.480000 0.310000 18.835140 43.330134
-0.480000 0.340000 27.790582 46.134713
-0.480000 0.370000 39.883794 46.136370
-0.480000 0.400000 52.309101 42.948185
-0.480000 0.430000 63.272794 37.272146
-0.480000 0.460000 72.145063 29.845790
-0.480000 0.490000 78.923714 20.924096
-0.480000 0.520000 83.801197 9.997037
-0.480000 0.550000 86.979474 -5.103381
-0.480000 0.580000 88.629938 -32.718539
-0.480000 0.610000 88.905202 -123.420442
-0.450000 -0.620000 5.737892 230.850495
-0.450000 -0.590000 6.010369 64.425154
-0.450000 -0.560000 6.312501 33.790428
-0.450000 -0.530000 6.648965 23.197160
-0.450000 -0.500000 7.025618 18.374162
-0.450000 -0.470000 7.450000 15.785817
-0.450000 -0.440000 7.932106 14.201649
-0.450000 -0.410000 8.485698 13.081149
-0.450000 -0.380000 9.130567 12.127615
-0.450000 -0.350000 9.896695 11.126412
-0.450000 -0.320000 10.832355 9.862640
-0.450000 -0.290000 12.021032 8.049236
-0.450000 -0.260000 13.619735 5.217644
-0.450000 -0.230000 15.954960 0.486894
-0.450000 -0.200000 19.795702 -8.027491
-0.450000 -0.170000 27.275919 -25.028309
-0.450000 -0.140000 45.893908 -65.144428
-0.450000 -0.110000 114.649316 -194.341234
-0.450000 -0.080000 726.001853 -1110.548230
-0.450000 -0.050000 19235.606890 -19193.004330
-0.450000 -0.020000 1058.453301 -391.101273
-0.450000 0.010000 872.505384 194.397406
-0.450000 0.040000 3268.556536 2620.270281
-0.450000 0.070000 2416.208620 3371.902805
-0.450000 0.100000 190.035788 352.441133
-0.450000 0.130000 67.537411 133.135796
-0.450000 0.160000 38.390061 72.976066
-0.450000 0.190000 22.964118 47.020503
-0.450000 0.220000 7.914587 34.106616
-0.450000 0.250000 -8.518633 30.973035
-0.450000 0.280000 -20.433431 38.133314
-0.450000 0.310000 -18.131025 51.673278
-0.450000 0.340000 0.246109 62.219564
-0.450000 0.370000 25.622426 64.056717
-0.450000 0.400000 48.905156 58.684240
-0.450000 0.430000 66.875256 49.657027
-0.450000 0.460000 79.878933 39.105566
-0.450000 0.490000 89.051830 27.580127
-0.450000 0.520000 95.297809 14.480057
-0.450000 0.550000 99.091328 -2.544391
-0.450000 0.580000 100.918862 -31.825087
-0.450000 0.610000 101.136005 -123.949789
-0.420000 -0.620000 5.214282 231.110286
-0.420000 -0.590000 5.488962 64.713762
-0.420000 -0.560000 5.795977 34.112496
-0.420000 -0.530000 6.141010 23.558510
-0.420000 -0.500000 6.531334 18.782267
-0.420000 -0.470000 6.976503 16.250545
-0.420000 -0.440000 7.489432 14.736457
-0.420000 -0.410000 8.088188 13.705104
-0.420000 -0.380000 8.799041 12.868952
-0.420000 -0.350000 9.661915 12.029136
-0.420000 -0.320000 10.740662 10.999525
-0.420000 -0.290000 12.143554 9.549217
-0.420000 -0.260000 14.067076 7.328393
-0.420000 -0.230000 16.897324 3.732585
-0.420000 -0.200000 21.468614 -2.395610
-0.420000 -0.170000 29.807271 -13.512850
-0.420000 -0.140000 47.626050 -35.510796
-0.420000 -0.110000 94.581054 -84.911844
-0.420000 -0.080000 260.117021 -218.573198
-0.420000 -0.050000 1152.206087 -683.293396
-0.420000 -0.020000 8731.554460 -2152.115176
-0.420000 0.010000 15715.929384 1987.619503
-0.420000 0.040000 2167.521608 1097.507235
-0.420000 0.070000 408.804062 360.411934
-0.420000 0.100000 135.919887 160.608446
-0.420000 0.130000 66.598218 88.210720
-0.420000 0.160000 37.552091 51.769852
-0.420000 0.190000 12.582159 26.194273
-0.420000 0.220000 -25.347316 4.795949
-0.420000 0.250000 -87.436058 -5.477091
-0.420000 0.280000 -156.310421 16.946565
-0.420000 0.310000 -165.263234 71.783645
-0.420000 0.340000 -95.988181 108.013658
-0.420000 0.370000 -15.885894 106.153307
-0.420000 0.400000 38.432351 88.253260
-0.420000 0.430000 69.829169 68.081084
-0.420000 0.460000 86.907642 48.623377
-0.420000 0.490000 95.410195 30.109688
-0.420000 0.520000 98.698600 11.894413
-0.420000 0.550000 99.142804 -8.153786
-0.420000 0.580000 98.638979 -38.512363
-0.420000 0.610000 98.527503 -130.296603
-0.390000 -0.620000 4.759466 231.369634
-0.390000 -0.590000 5.032809 65.003864
-0.390000 -0.560000 5.340352 34.438733
-0.390000 -0.530000 5.688500 23.927720
-0.390000 -0.500000 6.085510 19.203345
-0.390000 -0.470000 6.542286 16.735364
-0.390000 -0.440000 7.073617 15.301344
-0.390000 -0.410000 7.700152 14.373270
-0.390000 -0.380000 8.451687 13.674663
-0.390000 -0.350000 9.372810 13.025174
-0.390000 -0.320000 10.533001 12.271211
-0.390000 -0.290000 12.045545 11.242269
-0.390000 -0.260000 14.104753 9.707854
-0.390000 -0.230000 17.063240 7.316907
-0.390000 -0.200000 21.601780 3.497483
-0.390000 -0.170000 29.124142 -2.712669
-0.390000 -0.140000 42.716093 -12.907469
-0.390000 -0.110000 69.467892 -29.348152
-0.390000 -0.080000 125.155815 -52.914015
-0.390000 -0.050000 234.956567 -71.588359
-0.390000 -0.020000 383.295318 -38.524473
-0.390000 0.010000 418.205877 63.692872
-0.390000 0.040000 289.727302 123.770396
-0.390000 0.070000 162.962925 112.825805
-0.390000 0.100000 94.001941 83.282372
-0.390000 0.130000 58.846148 55.210277
-0.390000 0.160000 33.051764 25.925587
-0.390000 0.190000 -7.033273 -16.199792
-0.390000 0.220000 -115.844741 -95.341124
-0.390000 0.250000 -489.326621 -247.630303
-0.390000 0.280000 -1574.622284 -305.915388
-0.390000 0.310000 -1970.709127 286.926184
-0.390000 0.340000 -736.635084 423.954135
-0.390000 0.370000 -160.018393 251.478277
-0.390000 0.400000 10.400075 143.928373
-0.390000 0.430000 65.302410 83.554993
-0.390000 0.460000 82.496585 42.987225
-0.390000 0.490000 83.282265 11.602844
-0.390000 0.520000 75.718676 -14.148619
-0.390000 0.550000 64.992049 -36.919581
-0.390000 0.580000 55.626967 -65.544190
-0.390000 0.610000 51.229494 -152.191555
-0.360000 -0.620000 4.344786 231.625142
-0.360000 -0.590000 4.612836 65.291302
-0.360000 -0.560000 4.916013 34.763961
-0.360000 -0.530000 5.261106 24.298215
-0.360000 -0.500000 5.656864 19.628853
-0.360000 -0.470000 6.114809 17.228891
-0.360000 -0.440000 6.650459 15.880699
-0.360000 -0.410000 7.285253 15.063539
-0.360000 -0.380000 8.049595 14.512284
-0.360000 -0.350000 8.987848 14.064883
-0.360000 -0.320000 10.166696 13.598300
-0.360000 -0.290000 11.689569 12.995069
-0.360000 -0.260000 13.722162 12.120656
-0.360000 -0.230000 16.538464 10.805166
-0.360000 -0.200000 20.604152 8.832709
-0.360000 -0.170000 26.722889 5.961859
-0.360000 -0.140000 36.260956 2.055236
-0.360000 -0.110000 51.338139 -2.476669
-0.360000 -0.080000 74.308968 -5.582224
-0.360000 -0.050000 104.587645 -2.195813
-0.360000 -0.020000 132.084971 13.533123
-0.360000 0.010000 138.925551 38.157414
-0.360000 0.040000 120.970870 56.703103
-0.360000 0.070000 93.951884 60.394334
-0.360000 0.100000 71.040031 51.828788
-0.360000 0.130000 53.129775 33.134027
-0.360000 0.160000 31.162970 -3.970280
-0.360000 0.190000 -29.905883 -102.458450
-0.360000 0.220000 -411.535207 -570.075111
-0.360000 0.250000 -39831.154649 -33185.440037
-0.360000 0.280000 -3351.010046 -1075.881909
-0.360000 0.310000 -2364.413695 475.412869
-0.360000 0.340000 -49746.123832 33288.763062
-0.360000 0.370000 -993.683748 1326.285043
-0.360000 0.400000 -40.346693 266.585550
-0.360000 0.430000 55.898597 86.723515
-0.360000 0.460000 63.695816 6.206230
-0.360000 0.490000 43.496795 -46.833437
-0.360000 0.520000 9.603240 -84.405878
-0.360000 0.550000 -28.373740 -109.423129
-0.360000 0.580000 -60.538397 -130.652692
-0.360000 0.610000 -78.049668 -202.151798
-0.330000 -0.620000 3.951464 231.873114
-0.330000 -0.590000 4.210013 65.571539
-0.330000 -0.560000 4.503618 35.082517
-0.330000 -0.530000 4.839111 24.662799
-0.330000 -0.500000 5.225240 20.049465
-0.330000 -0.470000 5.673419 17.718771
-0.330000 -0.440000 6.198836 16.457774
-0.330000 -0.410000 6.822121 15.752646
-0.330000 -0.380000 7.571885 15.348672
-0.330000 -0.350000 8.488618 15.099815
-0.330000 -0.320000 9.630755 14.908205
-0.330000 -0.290000 11.084103 14.696707
-0.330000 -0.260000 12.976412 14.396468
-0.330000 -0.230000 15.499119 13.945276
-0.330000 -0.200000 18.936957 13.301319
-0.330000 -0.170000 23.698369 12.487296
-0.330000 -0.140000 30.313198 11.692402
-0.330000 -0.110000 39.297206 11.456027
-0.330000 -0.080000 50.683816 12.861716
-0.330000 -0.050000 63.111907 17.361311
-0.330000 -0.020000 73.208830 25.589602
-0.330000 0.010000 77.157284 35.634578
-0.330000 0.040000 74.191120 43.373995
-0.330000 0.070000 67.334353 45.258808
-0.330000 0.100000 60.000187 39.099061
-0.330000 0.130000 52.736856 20.164440
-0.330000 0.160000 39.688595 -31.968925
-0.330000 0.190000 -21.004631 -242.413126
-0.330000 0.220000 -1539.743038 -4219.585251
-0.330000 0.250000 -844.794682 -1462.149995
-0.330000 0.280000 -185.725273 -107.398889
-0.330000 0.310000 -151.919659 150.490328
-0.330000 0.340000 -369.156714 687.115914
-0.330000 0.370000 -146831.014556 342892.296593
-0.330000 0.400000 -55.189361 523.155407
-0.330000 0.430000 55.032105 54.055622
-0.330000 0.460000 29.536967 -89.322761
-0.330000 0.490000 -36.161608 -178.244209
-0.330000 0.520000 -126.113804 -236.699594
-0.330000 0.550000 -223.684611 -264.025227
-0.330000 0.580000 -307.977456 -267.024771
-0.330000 0.610000 -358.625364 -303.088668
-0.300000 -0.620000 3.567003 232.109702
-0.300000 -0.590000 3.811761 65.839860
-0.300000 -0.560000 4.090519 35.388544
-0.300000 -0.530000 4.409831 25.014076
-0.300000 -0.500000 4.777996 20.455677
-0.300000 -0.470000 5.205690 18.192583
-0.300000 -0.440000 5.706878 17.016053
-0.300000 -0.410000 6.300140 16.418278
-0.300000 -0.380000 7.010590 16.153263
-0.300000 -0.350000 7.872639 16.087736
-0.300000 -0.320000 8.933933 16.142589
-0.300000 -0.290000 10.260758 16.268213
-0.300000 -0.260000 11.945022 16.435517
-0.300000 -0.230000 14.111962 16.637419
-0.300000 -0.200000 16.925190 16.901298
-0.300000 -0.170000 20.579708 17.315570
-0.300000 -0.140000 25.262278 18.070832
-0.300000 -0.110000 31.046005 19.498584
-0.300000 -0.080000 37.698033 22.045858
-0.300000 -0.050000 44.476686 26.073357
-0.300000 -0.020000 50.187316 31.433422
-0.300000 0.010000 53.769579 37.097614
-0.300000 0.040000 55.104771 41.287843
-0.300000 0.070000 55.179605 41.919269
-0.300000 0.100000 55.405596 36.175917
-0.300000 0.130000 56.885238 17.157941
-0.300000 0.160000 60.196167 -41.992484
-0.300000 0.190000 65.547126 -328.276951
-0.300000 0.220000 72.987300 -19916.702555
-0.300000 0.250000 83.620149 -715.969059
-0.300000 0.280000 98.330716 -88.524868
-0.300000 0.310000 115.322950 175.588332
-0.300000 0.340000 130.621185 428.556332
-0.300000 0.370000 137.107981 19961.131592
-0.300000 0.400000 123.894136 676.153345
-0.300000 0.430000 77.029112 -67.483249
-0.300000 0.460000 -13.370372 -278.797966
-0.300000 0.490000 -150.178626 -412.419508
-0.300000 0.520000 -326.577480 -495.757210
-0.300000 0.550000 -521.678444 -522.206829
-0.300000 0.580000 -701.318548 -493.383102
-0.300000 0.610000 -826.071785 -468.070924
-0.270000 -0.620000 3.183091 232.331039
-0.270000 -0.590000 3.409841 66.091564
-0.270000 -0.560000 3.668621 35.676255
-0.270000 -0.530000 3.965440 25.344822
-0.270000 -0.500000 4.307772 20.838351
-0.270000 -0.470000 4.705050 18.638604
-0.270000 -0.440000 5.169341 17.540318
-0.270000 -0.410000 5.716304 17.040511
-0.270000 -0.380000 6.366511 16.899926
-0.270000 -0.350000 7.147236 16.994673
-0.270000 -0.320000 8.094792 17.258563
-0.270000 -0.290000 9.257318 17.659317
-0.270000 -0.260000 10.697611 18.189883
-0.270000 -0.230000 12.494696 18.868248
-0.270000 -0.200000 14.741281 19.743240
-0.270000 -0.170000 17.531728 20.904159
-0.270000 -0.140000 20.932894 22.488560
-0.270000 -0.110000 24.932435 24.673911
-0.270000 -0.080000 29.375292 27.627934
-0.270000 -0.050000 33.935169 31.395237
-0.270000 -0.020000 38.198551 35.740652
-0.270000 0.010000 41.892095 40.038061
-0.270000 0.040000 45.140739 43.271974
-0.270000 0.070000 48.582285 43.999507
-0.270000 0.100000 53.390492 39.748260
-0.270000 0.130000 61.782557 24.409144
-0.270000 0.160000 80.534806 -23.535568
-0.270000 0.190000 151.553427 -229.695092
-0.270000 0.220000 1686.342839 -4204.208402
-0.270000 0.250000 1015.918463 -1450.949648
-0.270000 0.280000 390.115292 -109.580342
-0.270000 0.310000 395.875010 123.491336
-0.270000 0.340000 650.954215 617.268047
-0.270000 0.370000 147133.499734 342753.111359
-0.270000 0.400000 336.351827 290.633867
-0.270000 0.430000 135.789634 -286.237111
-0.270000 0.460000 -23.172991 -544.638094
-0.270000 0.490000 -251.720443 -740.418820
-0.270000 0.520000 -558.267036 -872.747855
-0.270000 0.550000 -915.323455 -911.135767
-0.270000 0.580000 -1262.542080 -838.595169
-0.270000 0.610000 -1521.142000 -711.982723
-0.240000 -0.620000 2.794296 232.533364
-0.240000 -0.590000 2.999025 66.322134
-0.240000 -0.560000 3.233024 35.940166
-0.240000 -0.530000 3.501544 25.648314
-0.240000 -0.500000 3.810962 21.189143
-0.240000 -0.470000 4.169099 19.046371
-0.240000 -0.440000 4.585659 18.017346
-0.240000 -0.410000 5.072825 17.602599
-0.240000 -0.380000 5.646050 17.567602
-0.240000 -0.350000 6.325096 17.794771
-0.240000 -0.320000 7.135293 18.226145
-0.240000 -0.290000 8.108902 18.839687
-0.240000 -0.260000 9.286213 19.640013
-0.240000 -0.230000 10.715565 20.656068
-0.240000 -0.200000 12.450787 21.941899
-0.240000 -0.170000 14.543943 23.577024
-0.240000 -0.140000 17.031503 25.661237
-0.240000 -0.110000 19.915125 28.296238
-0.240000 -0.080000 23.145933 31.546269
-0.240000 -0.050000 26.631686 35.377159
-0.240000 -0.020000 30.288603 39.589555
-0.240000 0.010000 34.140046 43.772921
-0.240000 0.040000 38.433854 47.279394
-0.240000 0.070000 43.762831 49.129563
-0.240000 0.100000 51.297535 47.603483
-0.240000 0.130000 63.623032 38.837531
-0.240000 0.160000 88.342006 11.704099
-0.240000 0.190000 159.345691 -77.949056
-0.240000 0.220000 561.481079 -541.882901
-0.240000 0.250000 40013.875997 -33163.053237
-0.240000 0.280000 3579.649434 -1075.617638
-0.240000 0.310000 2650.932600 427.437830
-0.240000 0.340000 50095.037103 33154.901581
-0.240000 0.370000 1386.193841 1067.514839
-0.240000 0.400000 430.387377 -159.349577
-0.240000 0.430000 251.429959 -551.535998
-0.240000 0.460000 39.503681 -880.491016
-0.240000 0.490000 -303.837766 -1187.324384
-0.240000 0.520000 -806.488160 -1424.314249
-0.240000 0.550000 -1437.498763 -1511.970945
-0.240000 0.580000 -2091.005030 -1385.716134
-0.240000 0.610000 -2603.604505 -1086.960947
-0.210000 -0.620000 2.397208 232.713117
-0.210000 -0.590000 2.576201 66.527365
-0.210000 -0.560000 2.781068 36.175283
-0.210000 -0.530000 3.016166 25.918562
-0.210000 -0.500000 3.286595 21.500810
-0.210000 -0.470000 3.598341 19.407056
-0.210000 -0.440000 3.958464 18.436317
-0.210000 -0.410000 4.375348 18.091282
-0.210000 -0.380000 4.859028 18.140218
-0.210000 -0.350000 5.421619 18.469143
-0.210000 -0.320000 6.077851 19.024640
-0.210000 -0.290000 6.845703 19.790159
-0.210000 -0.260000 7.747047 20.776408
-0.210000 -0.230000 8.808168 22.018017
-0.210000 -0.200000 10.059863 23.572262
-0.210000 -0.170000 11.536817 25.516250
-0.210000 -0.140000 13.276217 27.938411
-0.210000 -0.110000 15.316476 30.919976
-0.210000 -0.080000 17.698865 34.504302
-0.210000 -0.050000 20.476936 38.657928
-0.210000 -0.020000 23.739309 43.234939
-0.210000 0.010000 27.649607 47.956923
-0.210000 0.040000 32.508056 52.403573
-0.210000 0.070000 38.856795 55.971929
-0.210000 0.100000 47.712253 57.710033
-0.210000 0.130000 61.189808 55.837306
-0.210000 0.160000 84.469484 46.474944
-0.210000 0.190000 136.554742 18.373033
-0.210000 0.220000 273.281082 -54.305994
-0.210000 0.250000 693.117346 -211.871896
-0.210000 0.280000 1846.842790 -296.160318
-0.210000 0.310000 2335.269067 234.294196
-0.210000 0.340000 1200.723124 263.789631
-0.210000 0.370000 709.824937 -72.249786
-0.210000 0.400000 581.196212 -417.385976
-0.210000 0.430000 474.897312 -805.885273
-0.210000 0.460000 240.959169 -1266.517366
-0.210000 0.490000 -230.235285 -1774.074915
-0.210000 0.520000 -1019.881586 -2231.912119
-0.210000 0.550000 -2123.545803 -2469.303367
-0.210000 0.580000 -3368.066695 -2299.941495
-0.210000 0.610000 -4397.425155 -1696.389822
-0.180000 -0.620000 1.989833 232.867010
-0.180000 -0.590000 2.139730 66.703457
-0.180000 -0.560000 2.311636 36.377203
-0.180000 -0.530000 2.508958 26.150458
-0.180000 -0.500000 2.735451 21.767400
-0.180000 -0.470000 2.995174 19.713682
-0.180000 -0.440000 3.292430 18.789016
-0.180000 -0.410000 3.631660 18.496871
-0.180000 -0.380000 4.017317 18.606408
-0.180000 -0.350000 4.453713 19.004719
-0.180000 -0.320000 4.944906 19.639726
-0.180000 -0.290000 5.494750 20.496663
-0.180000 -0.260000 6.107369 21.588770
-0.180000 -0.230000 6.788575 22.954479
-0.180000 -0.200000 7.549056 24.657002
-0.180000 -0.170000 8.410424 26.782772
-0.180000 -0.140000 9.414994 29.434507
-0.180000 -0.110000 10.638751 32.714179
-0.180000 -0.080000 12.203971 36.693203
-0.180000 -0.050000 14.285033 41.374009
-0.180000 -0.020000 17.102943 46.657514
-0.180000 0.010000 20.915847 52.335707
-0.180000 0.040000 26.030999 58.115630
-0.180000 0.070000 32.875886 63.652599
-0.180000 0.100000 42.171705 68.551567
-0.180000 0.130000 55.280349 72.314571
-0.180000 0.160000 76.452357 73.965900
-0.180000 0.190000 118.043897 71.100749
-0.180000 0.220000 194.799896 62.509264
-0.180000 0.250000 323.068546 52.709523
-0.180000 0.280000 494.616742 53.280949
-0.180000 0.310000 637.442046 52.218626
-0.180000 0.340000 719.372893 -15.952749
-0.180000 0.370000 794.782189 -197.796518
-0.180000 0.400000 869.128097 -508.506569
-0.180000 0.430000 874.999966 -977.749323
-0.180000 0.460000 687.520604 -1640.877847
-0.180000 0.490000 114.613952 -2515.251566
-0.180000 0.520000 -1098.580894 -3486.055672
-0.180000 0.550000 -3114.925238 -4196.440407
-0.180000 0.580000 -5683.531640 -4091.399652
-0.180000 0.610000 -7915.826258 -2855.834971
-0.150000 -0.620000 1.571156 232.992043
-0.150000 -0.590000 1.688947 66.847039
-0.150000 -0.560000 1.824588 36.542169
-0.150000 -0.530000 1.980562 26.339840
-0.150000 -0.500000 2.159314 21.984327
-0.150000 -0.470000 2.363032 19.961219
-0.150000 -0.440000 2.593311 19.069925
-0.150000 -0.410000 2.850683 18.813279
-0.150000 -0.380000 3.133970 18.959376
-0.150000 -0.350000 3.439445 19.393724
-0.150000 -0.320000 3.759858 20.062173
-0.150000 -0.290000 4.083512 20.947672
-0.150000 -0.260000 4.393893 22.061829
-0.150000 -0.230000 4.671002 23.444068
-0.150000 -0.200000 4.896463 25.164990
-0.150000 -0.170000 5.065700 27.330805
-0.150000 -0.140000 5.210692 30.083663
-0.150000 -0.110000 5.433744 33.588979
-0.150000 -0.080000 5.942753 37.999129
-0.150000 -0.050000 7.063193 43.391396
-0.150000 -0.020000 9.197364 49.703701
-0.150000 0.010000 12.733380 56.719559
-0.150000 0.040000 17.968947 64.141090
-0.150000 0.070000 25.140069 71.721758
-0.150000 0.100000 34.582087 79.380791
-0.150000 0.130000 46.996925 87.267992
-0.150000 0.160000 68.580996 95.822572
-0.150000 0.190000 108.623182 105.541890
-0.150000 0.220000 176.854632 116.827296
-0.150000 0.250000 285.064196 128.838786
-0.150000 0.280000 437.633845 135.517589
-0.150000 0.310000 614.538619 122.252546
-0.150000 0.340000 816.457588 58.508637
-0.150000 0.370000 1049.499817 -97.894509
-0.150000 0.400000 1300.964344 -404.628028
-0.150000 0.430000 1514.613890 -954.680179
-0.150000 0.460000 1548.338619 -1913.945602
-0.150000 0.490000 1030.815817 -3457.662120
-0.150000 0.520000 -730.971359 -5594.817041
-0.150000 0.550000 -4599.652614 -7743.133413
-0.150000 0.580000 -10650.161799 -8313.867651
-0.150000 0.610000 -16526.545494 -5600.422600
-0.120000 -0.620000 1.140792 233.085487
-0.120000 -0.590000 1.223771 66.955144
-0.120000 -0.560000 1.320302 36.667025
-0.120000 -0.530000 1.432048 26.483447
-0.120000 -0.500000 1.560305 22.148340
-0.120000 -0.470000 1.705594 20.146564
-0.120000 -0.440000 1.867055 19.276240
-0.120000 -0.410000 2.041562 19.038112
-0.120000 -0.380000 2.222469 19.197087
-0.120000 -0.350000 2.397867 19.634050
-0.120000 -0.320000 2.548281 20.288496
-0.120000 -0.290000 2.643839 21.135271
-0.120000 -0.260000 2.641360 22.176934
-0.120000 -0.230000 2.482715 23.445627
-0.120000 -0.200000 2.097843 25.012921
-0.120000 -0.170000 1.419354 27.006904
-0.120000 -0.140000 0.420055 29.632125
-0.120000 -0.110000 -0.814947 33.176750
-0.120000 -0.080000 -1.987824 37.973427
-0.120000 -0.050000 -2.517260 44.276853
-0.120000 -0.020000 -1.613838 52.080269
-0.120000 0.010000 1.435218 61.018514
-0.120000 0.040000 6.943714 70.532134
-0.120000 0.070000 14.789018 80.233386
-0.120000 0.100000 24.728628 90.182239
-0.120000 0.130000 37.578531 101.080983
-0.120000 0.160000 61.425321 115.369123
-0.120000 0.190000 104.782180 135.471849
-0.120000 0.220000 179.498049 163.735079
-0.120000 0.250000 303.421993 201.220575
-0.120000 0.280000 475.918102 241.646783
-0.120000 0.310000 698.787322 272.548529
-0.120000 0.340000 988.385002 271.718306
-0.120000 0.370000 1363.953521 198.536232
-0.120000 0.400000 1844.619789 -23.950886
-0.120000 0.430000 2459.023083 -569.324559
-0.120000 0.460000 3091.927575 -1789.723789
-0.120000 0.490000 3213.782815 -4313.948438
-0.120000 0.520000 1247.013414 -8951.958303
-0.120000 0.550000 -6235.298282 -15688.652612
-0.120000 0.580000 -23215.448280 -20674.128829
-0.120000 0.610000 -44643.393837 -14420.984048
-0.090000 -0.620000 0.698722 233.144820
-0.090000 -0.590000 0.744379 67.025114
-0.090000 -0.560000 0.799262 36.749102
-0.090000 -0.530000 0.864410 26.578778
-0.090000 -0.500000 0.940246 22.257357
-0.090000 -0.470000 1.026003 20.268389
-0.090000 -0.440000 1.118857 19.407780
-0.090000 -0.410000 1.212602 19.172738
-0.090000 -0.380000 1.295697 19.322718
-0.090000 -0.350000 1.348370 19.730434
-0.090000 -0.320000 1.338377 20.323454
-0.090000 -0.290000 1.214932 21.059802
-0.090000 -0.260000 0.900361 21.919565
-0.090000 -0.230000 0.279815 22.907890
-0.090000 -0.200000 -0.808074 24.071425
-0.090000 -0.170000 -2.569439 25.534919
-0.090000 -0.140000 -5.216138 27.564803
-0.090000 -0.110000 -8.838249 30.648807
-0.090000 -0.080000 -13.133248 35.518530
-0.090000 -0.050000 -17.057250 42.941893
-0.090000 -0.020000 -18.793261 53.161098
-0.090000 0.010000 -16.564237 65.358157
-0.090000 0.040000 -9.900243 78.003874
-0.090000 0.070000 0.110636 90.055491
-0.090000 0.100000 11.945387 101.696770
-0.090000 0.130000 26.990702 114.963975
-0.090000 0.160000 53.936452 134.944329
-0.090000 0.190000 101.936702 166.659846
-0.090000 0.220000 185.988389 216.737478
-0.090000 0.250000 324.781791 291.313160
-0.090000 0.280000 515.629608 384.729213
-0.090000 0.310000 776.435907 493.886630
-0.090000 0.340000 1138.439716 609.828075
-0.090000 0.370000 1648.329345 708.102154
-0.090000 0.400000 2429.641072 732.171991
-0.090000 0.430000 3669.961710 499.781607
-0.090000 0.460000 5560.158167 -521.932429
-0.090000 0.490000 7924.259729 -3785.398083
-0.090000 0.520000 8414.289456 -12821.526127
-0.090000 0.550000 -3680.371345 -34182.471481
-0.090000 0.580000 -63194.196895 -71447.513008
-0.090000 0.610000 -218518.426523 -72262.886196
-0.060000 -0.620000 0.245089 233.167612
-0.060000 -0.590000 0.250941 67.054444
-0.060000 -0.560000 0.261721 36.785998
-0.060000 -0.530000 0.278103 26.623812
-0.060000 -0.500000 0.300033 22.310145
-0.060000 -0.470000 0.326030 20.326795
-0.060000 -0.440000 0.352078 19.466693
-0.060000 -0.410000 0.369904 19.222202
-0.060000 -0.380000 0.364299 19.345088
-0.060000 -0.350000 0.308914 19.696022
-0.060000 -0.320000 0.159600 20.183873
-0.060000 -0.290000 -0.156326 20.737787
-0.060000 -0.260000 -0.757479 21.293760
-0.060000 -0.230000 -1.836362 21.791495
-0.060000 -0.200000 -3.702100 22.187102
-0.060000 -0.170000 -6.836524 22.501506
-0.060000 -0.140000 -11.933221 22.948589
-0.060000 -0.110000 -19.794041 24.207689
-0.060000 -0.080000 -30.754416 27.819091
-0.060000 -0.050000 -43.247137 36.208023
-0.060000 -0.020000 -52.352293 51.102954
-0.060000 0.010000 -51.860675 70.553418
-0.060000 0.040000 -40.421707 89.304809
-0.060000 0.070000 -23.035085 104.070606
-0.060000 0.100000 -5.266373 115.957174
-0.060000 0.130000 14.396608 130.349058
-0.060000 0.160000 44.651356 155.563195
-0.060000 0.190000 95.972199 200.161863
-0.060000 0.220000 185.864725 276.919663
-0.060000 0.250000 328.218453 395.386581
-0.060000 0.280000 524.327847 554.633883
-0.060000 0.310000 800.292376 766.397119
-0.060000 0.340000 1198.405676 1044.878222
-0.060000 0.370000 1807.076706 1414.333997
-0.060000 0.400000 2866.182332 1932.411172
-0.060000 0.430000 4834.781410 2607.392764
-0.060000 0.460000 8714.333223 3182.626750
-0.060000 0.490000 16551.498965 2007.515482
-0.060000 0.520000 30356.463475 -9194.046834
-0.060000 0.550000 33129.025361 -67252.783031
-0.060000 0.580000 -215417.463394 -419666.935940
-0.060000 0.610000 -6628142298.041346 -3269536747.782927
-0.030000 -0.620000 -0.219938 233.151363
-0.030000 -0.590000 -0.256568 67.040544
-0.030000 -0.560000 -0.292590 36.775258
-0.030000 -0.530000 -0.327379 26.616593
-0.030000 -0.500000 -0.360966 22.305790
-0.030000 -0.470000 -0.394800 20.322697
-0.030000 -0.440000 -0.433002 19.456809
-0.030000 -0.410000 -0.484392 19.194698
-0.030000 -0.380000 -0.565769 19.278582
-0.030000 -0.350000 -0.707297 19.553499
-0.030000 -0.320000 -0.961632 19.902550
-0.030000 -0.290000 -1.419953 20.211766
-0.030000 -0.260000 -2.241307 20.343611
-0.030000 -0.230000 -3.708303 20.110229
-0.030000 -0.200000 -6.335599 19.245477
-0.030000 -0.170000 -11.081861 17.393907
-0.030000 -0.140000 -19.741551 14.201623
-0.030000 -0.110000 -35.511698 9.804343
-0.030000 -0.080000 -62.982271 6.458840
-0.030000 -0.050000 -103.980668 11.761071
-0.030000 -0.020000 -144.197880 37.536013
-0.030000 0.010000 -150.311753 81.026767
-0.030000 0.040000 -114.044458 116.553644
-0.030000 0.070000 -66.521584 132.199357
-0.030000 0.100000 -29.924153 138.218016
-0.030000 0.130000 -0.973992 149.204514
-0.030000 0.160000 32.595925 177.148879
-0.030000 0.190000 84.067137 233.913112
-0.030000 0.220000 172.209045 338.657429
-0.030000 0.250000 304.149696 501.008684
-0.030000 0.280000 485.577006 729.244873
-0.030000 0.310000 742.362711 1051.791704
-0.030000 0.340000 1117.258567 1512.696571
-0.030000 0.370000 1728.593421 2226.944987
-0.030000 0.400000 2872.129729 3460.766766
-0.030000 0.430000 5249.355455 5760.995898
-0.030000 0.460000 10942.250695 10458.780066
-0.030000 0.490000 27455.014339 20940.523200
-0.030000 0.520000 88029.119505 42696.673104
-0.030000 0.550000 322832.100221 5886.519057
-0.030000 0.580000 349883.903451 -2444823.327001
-0.030000 0.610000 92258.204603 -582699.234762
0.000000 -0.620000 -0.696243 233.093306
0.000000 -0.590000 -0.778496 66.980437
0.000000 -0.560000 -0.864664 36.713939
0.000000 -0.530000 -0.953845 26.554631
0.000000 -0.500000 -1.045483 22.242920
0.000000 -0.470000 -1.140101 20.256847
0.000000 -0.440000 -1.240560 19.382478
0.000000 -0.410000 -1.354210 19.100286
0.000000 -0.380000 -1.496452 19.141986
0.000000 -0.350000 -1.696819 19.334632
0.000000 -0.320000 -2.009739 19.530091
0.000000 -0.290000 -2.534712 19.558450
0.000000 -0.260000 -3.456758 19.177492
0.000000 -0.230000 -5.133455 17.993066
0.000000 -0.200000 -8.296784 15.309140
0.000000 -0.170000 -14.560112 9.824497
0.000000 -0.140000 -27.801187 -0.982062
0.000000 -0.110000 -58.210047 -21.905508
0.000000 -0.080000 -134.090169 -59.980719
0.000000 -0.050000 -324.703396 -108.723473
0.000000 -0.020000 -667.059829 -72.033448
0.000000 0.010000 -757.581028 146.619231
0.000000 0.040000 -425.133550 252.558153
0.000000 0.070000 -174.426786 218.991183
0.000000 0.100000 -67.692699 182.750309
0.000000 0.130000 -18.802078 174.722040
0.000000 0.160000 18.109616 198.823962
0.000000 0.190000 65.498227 263.904789
0.000000 0.220000 142.273220 392.111745
0.000000 0.250000 250.978375 592.101060
0.000000 0.280000 396.425946 880.299901
0.000000 0.310000 596.746675 1299.626903
0.000000 0.340000 881.672869 1922.457485
0.000000 0.370000 1350.744856 2962.045703
0.000000 0.400000 2234.992838 4917.174145
0.000000 0.430000 4133.768317 9071.647568
0.000000 0.460000 9119.852578 19687.238002
0.000000 0.490000 27829.493648 56930.307281
0.000000 0.520000 189579.282568 326545.297328
0.000000 0.550000 34652774.755736 30558474.779821
0.000000 0.580000 2253610.367256 -1134338.690522
0.000000 0.610000 6351016.134689 -5479130.510004
0.030000 -0.620000 -1.183741 232.990184
0.030000 -0.590000 -1.315529 66.870407
0.030000 -0.560000 -1.456321 36.598077
0.030000 -0.530000 -1.604655 26.434135
0.030000 -0.500000 -1.758831 22.118652
0.030000 -0.470000 -1.917472 20.128444
0.030000 -0.440000 -2.080635 19.246776
0.030000 -0.410000 -2.251793 18.948635
0.030000 -0.380000 -2.441253 18.955691
0.030000 -0.350000 -2.672062 19.077016
0.030000 -0.320000 -2.990652 19.131875
0.030000 -0.290000 -3.487526 18.888811
0.030000 -0.260000 -4.341329 17.981795
0.030000 -0.230000 -5.922959 15.746201
0.030000 -0.200000 -9.071656 10.832796
0.030000 -0.170000 -15.938190 0.156382
0.030000 -0.140000 -33.090226 -24.508952
0.030000 -0.110000 -86.508304 -90.630821
0.030000 -0.080000 -334.568907 -332.439314
0.030000 -0.050000 -3346.396557 -2334.607451
0.030000 -0.020000 -99427.820750 -28345.194545
0.030000 0.010000 -26900.326068 3914.302906
0.030000 0.040000 -13728.697031 7926.887127
0.030000 0.070000 -610.018951 704.727120
0.030000 0.100000 -124.744062 288.852816
0.030000 0.130000 -35.334016 210.818500
0.030000 0.160000 3.436706 218.761394
0.030000 0.190000 41.986293 285.428943
0.030000 0.220000 99.302465 428.089632
0.030000 0.250000 174.727553 653.531138
0.030000 0.280000 267.686622 981.426633
0.030000 0.310000 383.176434 1462.399582
0.030000 0.340000 526.607686 2183.808460
0.030000 0.370000 731.303555 3409.580046
0.030000 0.400000 1050.208891 5759.728473
0.030000 0.430000 1556.577103 10896.303496
0.030000 0.460000 2302.400163 24682.903398
0.030000 0.490000 2367.278784 79002.916639
0.030000 0.520000 -36583.276739 744647.666719
0.030000 0.550000 -119219.396883 996490.841190
0.030000 0.580000 17189.110055 -294310.631207
0.030000 0.610000 -27984211.251434 -297875714.766706
0.060000 -0.620000 -1.682268 232.838010
0.060000 -0.590000 -1.868590 66.705584
0.060000 -0.560000 -2.070161 36.422036
0.060000 -0.530000 -2.284812 26.249054
0.060000 -0.500000 -2.509240 21.927228
0.060000 -0.470000 -2.739245 19.933263
0.060000 -0.440000 -2.970463 19.049005
0.060000 -0.410000 -3.199919 18.745666
0.060000 -0.380000 -3.428812 18.737080
0.060000 -0.350000 -3.667293 18.817415
0.060000 -0.320000 -3.942802 18.778030
0.060000 -0.290000 -4.315908 18.333232
0.060000 -0.260000 -4.914484 17.003041
0.060000 -0.230000 -6.018729 13.855556
0.060000 -0.200000 -8.308248 6.820121
0.060000 -0.170000 -13.731148 -9.529813
0.060000 -0.140000 -29.535272 -53.345435
0.060000 -0.110000 -98.426432 -218.573236
0.060000 -0.080000 -1073.592916 -2092.039321
0.060000 -0.050000 -2597.616111 -3187.776257
0.060000 -0.020000 -489.282602 -180.201228
0.060000 0.010000 -426.945009 177.494860
0.060000 0.040000 -1042.536789 1120.728169
0.060000 0.070000 -7849.238637 13822.844955
0.060000 0.100000 -176.559495 537.752944
0.060000 0.130000 -40.356078 255.444005
0.060000 0.160000 -7.753420 233.214906
0.060000 0.190000 17.047586 294.328900
0.060000 0.220000 49.969730 440.149054
0.060000 0.250000 87.105352 675.328296
0.060000 0.280000 120.570608 1016.213093
0.060000 0.310000 141.090417 1512.105577
0.060000 0.340000 127.861729 2244.681836
0.060000 0.370000 40.128140 3454.150073
0.060000 0.400000 -252.597438 5694.627300
0.060000 0.430000 -1196.353630 10318.673703
0.060000 0.460000 -4570.289244 21496.831204
0.060000 0.490000 -20112.047369 56514.664782
0.060000 0.520000 -149254.202728 243047.526692
0.060000 0.550000 -14159445.508217 9926141.874727
0.060000 0.580000 -17052312.465314 -3353706.319526
0.060000 0.610000 -855031.771531 -1031013.411829
0.090000 -0.620000 -2.191349 232.631867
0.090000 -0.590000 -2.438573 66.479536
0.090000 -0.560000 -2.709324 36.177789
0.090000 -0.530000 -3.000845 25.989926
0.090000 -0.500000 -3.308023 21.658319
0.090000 -0.470000 -3.623090 19.661275
0.090000 -0.440000 -3.935750 18.781460
0.090000 -0.410000 -4.234020 18.489200
0.090000 -0.380000 -4.506072 18.494411
0.090000 -0.350000 -4.743275 18.582368
0.090000 -0.320000 -4.944651 18.527216
0.090000 -0.290000 -5.123396 18.010461
0.090000 -0.260000 -5.318095 16.484677
0.090000 -0.230000 -5.618189 12.858348
0.090000 -0.200000 -6.239482 4.606549
0.090000 -0.170000 -7.810106 -15.336423
0.090000 -0.140000 -12.873152 -73.541760
0.090000 -0.110000 -40.563350 -348.877539
0.090000 -0.080000 -1966.404399 -15642.051368
0.090000 -0.050000 -175.003240 -793.271781
0.090000 -0.020000 -86.019523 -97.977367
0.090000 0.010000 -101.430360 166.134190
0.090000 0.040000 -113.264792 504.637753
0.090000 0.070000 -3851.603155 26992.852734
0.090000 0.100000 -86.674587 867.186496
0.090000 0.130000 -23.405231 286.286377
0.090000 0.160000 -13.072486 236.239526
0.090000 0.190000 -5.639413 288.235763
0.090000 0.220000 2.076119 425.912923
0.090000 0.250000 1.940723 655.153159
0.090000 0.280000 -20.305220 982.645499
0.090000 0.310000 -84.919198 1448.835081
0.090000 0.340000 -230.233089 2115.938739
0.090000 0.370000 -538.888210 3140.918845
0.090000 0.400000 -1227.006046 4899.461836
0.090000 0.430000 -2874.629524 8114.399061
0.090000 0.460000 -7224.987652 14420.182329
0.090000 0.490000 -20220.796249 27517.960134
0.090000 0.520000 -63657.945533 52896.674873
0.090000 0.550000 -189730.800043 65553.033396
0.090000 0.580000 -263251.528557 -39107.605482
0.090000 0.610000 -104944.993863 -82570.450696
0.120000 -0.620000 -2.709821 232.365770
0.120000 -0.590000 -3.025880 66.183886
0.120000 -0.560000 -3.377002 35.854147
0.120000 -0.530000 -3.760421 25.642543
0.120000 -0.500000 -4.169492 21.294924
0.120000 -0.470000 -4.592548 19.293625
0.120000 -0.440000 -5.012085 18.425358
0.120000 -0.410000 -5.404629 18.163664
0.120000 -0.380000 -5.741562 18.219857
0.120000 -0.350000 -5.990618 18.378090
0.120000 -0.320000 -6.116685 18.409113
0.120000 -0.290000 -6.078469 17.990899
0.120000 -0.260000 -5.813230 16.578044
0.120000 -0.230000 -5.189279 13.101206
0.120000 -0.200000 -3.857911 5.124371
0.120000 -0.170000 -0.706320 -14.058396
0.120000 -0.140000 8.918815 -69.037222
0.120000 -0.110000 58.737288 -316.074573
0.120000 -0.080000 2170.184206 -8659.680507
0.120000 -0.050000 407.013578 -981.243375
0.120000 -0.020000 153.022788 -99.333241
0.120000 0.010000 151.272351 150.302118
0.120000 0.040000 232.200621 565.573336
0.120000 0.070000 28394.815192 99517.782994
0.120000 0.100000 117.978067 772.697152
0.120000 0.130000 3.927348 272.647161
0.120000 0.160000 -14.510602 223.629522
0.120000 0.190000 -23.830969 267.776022
0.120000 0.220000 -37.512098 388.369939
0.120000 0.250000 -68.676492 598.196958
0.120000 0.280000 -134.441481 892.039977
0.120000 0.310000 -260.368430 1296.999821
0.120000 0.340000 -490.308172 1851.694840
0.120000 0.370000 -906.424107 2623.662917
0.120000 0.400000 -1708.439090 3806.190025
0.120000 0.430000 -3325.831363 5650.209092
0.120000 0.460000 -6706.477182 8447.573734
0.120000 0.490000 -13808.991370 12118.892916
0.120000 0.520000 -27381.539178 14446.474154
0.120000 0.550000 -45077.588690 8367.265864
0.120000 0.580000 -49031.385432 -8918.143774
0.120000 0.610000 -30698.712554 -20388.685546
0.150000 -0.620000 -3.235297 232.032682
0.150000 -0.590000 -3.629695 65.808051
0.150000 -0.560000 -4.075583 35.435998
0.150000 -0.530000 -4.571550 25.186409
0.150000 -0.500000 -5.110571 20.810742
0.150000 -0.470000 -5.677556 18.798654
0.150000 -0.440000 -6.246988 17.945429
0.150000 -0.410000 -6.781336 17.733442
0.150000 -0.380000 -7.230911 17.881934
0.150000 -0.350000 -7.534959 18.181863
0.150000 -0.320000 -7.621536 18.412739
0.150000 -0.290000 -7.399261 18.274065
0.150000 -0.260000 -6.725253 17.283632
0.150000 -0.230000 -5.310410 14.556631
0.150000 -0.200000 -2.442165 8.223946
0.150000 -0.170000 3.945731 -6.376274
0.150000 -0.140000 21.280807 -43.803453
0.150000 -0.110000 88.495192 -169.924169
0.150000 -0.080000 697.988016 -1082.538690
0.150000 -0.050000 19205.362979 -19160.723003
0.150000 -0.020000 1025.568305 -353.665387
0.150000 0.010000 836.543580 238.125698
0.150000 0.040000 3229.084782 2671.750829
0.150000 0.070000 2372.846962 3433.002110
0.150000 0.100000 142.551078 425.529919
0.150000 0.130000 16.134159 223.627228
0.150000 0.160000 -16.501313 198.398826
0.150000 0.190000 -37.000838 236.937841
0.150000 0.220000 -64.856394 336.096699
0.150000 0.250000 -117.044840 514.875054
0.150000 0.280000 -210.176644 763.720531
0.150000 0.310000 -369.028536 1093.053110
0.150000 0.340000 -633.275612 1520.726679
0.150000 0.370000 -1064.752191 2061.113881
0.150000 0.400000 -1791.823585 2766.647567
0.150000 0.430000 -3056.078747 3684.139872
0.150000 0.460000 -5225.759911 4721.879708
0.150000 0.490000 -8720.452247 5448.596436
0.150000 0.520000 -13455.605410 4797.192171
0.150000 0.550000 -17607.130466 1472.625028
0.150000 0.580000 -17711.508143 -3878.859675
0.150000 0.610000 -12830.930648 -7882.825737
0.180000 -0.620000 -3.763466 231.624777
0.180000 -0.590000 -4.246946 65.339227
0.180000 -0.560000 -4.805307 34.903691
0.180000 -0.530000 -5.441159 24.593026
0.180000 -0.500000 -6.149864 20.166768
0.180000 -0.470000 -6.915024 18.126273
0.180000 -0.440000 -7.703384 17.281919
0.180000 -0.410000 -8.460503 17.133141
0.180000 -0.380000 -9.109148 17.415733
0.180000 -0.350000 -9.551709 17.934856
0.180000 -0.320000 -9.674517 18.484793
0.180000 -0.290000 -9.344906 18.795424
0.180000 -0.260000 -8.380756 18.471457
0.180000 -0.230000 -6.451652 16.875320
0.180000 -0.200000 -2.810855 12.845434
0.180000 -0.170000 4.464755 3.958804
0.180000 -0.140000 20.984802 -15.603905
0.180000 -0.110000 66.312501 -62.257461
0.180000 -0.080000 229.814030 -192.718648
0.180000 -0.050000 1119.398034 -653.610654
0.180000 -0.020000 8695.723838 -2117.756858
0.180000 0.010000 15676.536084 2027.782057
0.180000 0.040000 2124.049182 1144.975584
0.180000 0.070000 360.858785 417.198718
0.180000 0.100000 83.450113 229.445176
0.180000 0.130000 10.349537 173.539556
0.180000 0.160000 -20.879522 168.772611
0.180000 0.190000 -45.540297 201.639498
0.180000 0.220000 -79.662185 278.355882
0.180000 0.250000 -140.598792 417.556710
0.180000 0.280000 -245.346104 618.575578
0.180000 0.310000 -412.073968 872.601285
0.180000 0.340000 -671.411467 1183.310309
0.180000 0.370000 -1065.513433 1545.224420
0.180000 0.400000 -1650.852973 1935.948462
0.180000 0.430000 -2536.634311 2336.913905
0.180000 0.460000 -3831.929260 2634.770434
0.180000 0.490000 -5546.965975 2573.172297
0.180000 0.520000 -7396.911724 1788.253865
0.180000 0.550000 -8635.453086 84.535881
0.180000 0.580000 -8386.315748 -2114.135997
0.180000 0.610000 -6525.030692 -3875.216708
0.210000 -0.620000 -4.287249 231.134122
0.210000 -0.590000 -4.870877 64.762855
0.210000 -0.560000 -5.562213 34.232799
0.210000 -0.530000 -6.372638 23.824141
0.210000 -0.500000 -7.305644 19.306825
0.210000 -0.470000 -8.349159 17.199458
0.210000 -0.440000 -9.465414 16.337267
0.210000 -0.410000 -10.580477 16.250323
0.210000 -0.380000 -11.578277 16.705354
0.210000 -0.350000 -12.305210 17.531052
0.210000 -0.320000 -12.587200 18.534514
0.210000 -0.290000 -12.248649 19.460536
0.210000 -0.260000 -11.106148 19.973992
0.210000 -0.230000 -8.896920 19.637832
0.210000 -0.200000 -5.086147 17.845181
0.210000 -0.170000 1.564626 13.662296
0.210000 -0.140000 13.987730 5.580603
0.210000 -0.110000 39.147340 -8.533060
0.210000 -0.080000 92.722466 -29.397249
0.210000 -0.050000 199.816522 -44.801476
0.210000 -0.020000 344.802489 -7.658689
0.210000 0.010000 375.690273 99.763331
0.210000 0.040000 242.553033 166.621482
0.210000 0.070000 110.668077 164.725371
0.210000 0.100000 36.655127 147.656029
0.210000 0.130000 -1.990584 137.611715
0.210000 0.160000 -26.457981 141.525316
0.210000 0.190000 -50.189597 167.374805
0.210000 0.220000 -84.157237 223.080728
0.210000 0.250000 -142.569019 321.383220
0.210000 0.280000 -244.919952 474.212549
0.210000 0.310000 -401.806652 662.461530
0.210000 0.340000 -632.651107 878.454768
0.210000 0.370000 -962.424727 1108.958102
0.210000 0.400000 -1416.303906 1324.671449
0.210000 0.430000 -2012.009722 1474.327648
0.210000 0.460000 -2770.764176 1494.491195
0.210000 0.490000 -3637.984926 1272.120791
0.210000 0.520000 -4430.276907 696.400279
0.210000 0.550000 -4848.004827 -230.010176
0.210000 0.580000 -4625.561778 -1300.907163
0.210000 0.610000 -3756.759595 -2215.678847
0.240000 -0.620000 -4.795906 230.553960
0.240000 -0.590000 -5.489267 64.063925
0.240000 -0.560000 -6.335134 33.394801
0.240000 -0.530000 -7.361657 22.830433
0.240000 -0.500000 -8.591570 18.151907
0.240000 -0.470000 -10.030369 15.900995
0.240000 -0.440000 -11.647240 14.952183
0.240000 -0.410000 -13.350487 14.890689
0.240000 -0.380000 -14.966768 15.544338
0.240000 -0.350000 -16.242771 16.787097
0.240000 -0.320000 -16.886893 18.432168
0.240000 -0.290000 -16.642579 20.191619
0.240000 -0.260000 -15.342364 21.706116
0.240000 -0.230000 -12.876473 22.616446
0.240000 -0.200000 -9.048173 22.623610
0.240000 -0.170000 -3.337324 21.523359
0.240000 -0.140000 5.388195 19.304271
0.240000 -0.110000 19.082208 16.550368
0.240000 -0.080000 39.989515 15.509588
0.240000 -0.050000 67.450047 21.465582
0.240000 -0.020000 91.321278 40.530275
0.240000 0.010000 93.696042 69.608596
0.240000 0.040000 70.453456 94.262366
0.240000 0.070000 37.481468 106.634810
0.240000 0.100000 8.516726 111.117043
0.240000 0.130000 -13.679802 113.923948
0.240000 0.160000 -31.773612 119.566775
0.240000 0.190000 -51.994369 137.739893
0.240000 0.220000 -81.780898 175.452780
0.240000 0.250000 -131.641351 240.654107
0.240000 0.280000 -217.725403 342.962609
0.240000 0.310000 -354.671201 478.528685
0.240000 0.340000 -547.011237 624.412577
0.240000 0.370000 -807.416383 766.299011
0.240000 0.400000 -1144.614230 879.799713
0.240000 0.430000 -1555.695797 928.308044
0.240000 0.460000 -2014.941672 865.582900
0.240000 0.490000 -2470.498518 649.500907
0.240000 0.520000 -2834.440353 258.254913
0.240000 0.550000 -2980.776079 -279.959014
0.240000 0.580000 -2818.063886 -866.972901
0.240000 0.610000 -2356.284307 -1407.636606
0.270000 -0.620000 -5.274352 229.880851
0.270000 -0.590000 -6.082428 63.229652
0.270000 -0.560000 -7.101585 32.359614
0.270000 -0.530000 -8.389294 21.551917
0.270000 -0.500000 -10.007837 16.594065
0.270000 -0.470000 -12.009419 14.053185
0.270000 -0.440000 -14.403898 12.861288
0.270000 -0.410000 -17.103988 12.703221
0.270000 -0.380000 -19.858590 13.538349
0.270000 -0.350000 -22.220231 15.353712
0.270000 -0.320000 -23.621439 17.974694
0.270000 -0.290000 -23.584923 20.978925
0.270000 -0.260000 -21.942206 23.798987
0.270000 -0.230000 -18.855900 25.960457
0.270000 -0.200000 -14.602858 27.268908
0.270000 -0.170000 -9.300234 27.848820
0.270000 -0.140000 -2.778432 28.129592
0.270000 -0.110000 5.281905 28.921491
0.270000 -0.080000 14.821300 31.562538
0.270000 -0.050000 24.430223 37.748262
0.270000 -0.020000 30.696293 48.385020
0.270000 0.010000 29.759661 61.929150
0.270000 0.040000 20.822613 74.851937
0.270000 0.070000 6.948070 84.711255
0.270000 0.100000 -8.146152 91.717389
0.270000 0.130000 -22.610045 97.432469
0.270000 0.160000 -36.377493 103.260620
0.270000 0.190000 -52.240500 114.294371
0.270000 0.220000 -76.046979 137.750068
0.270000 0.250000 -115.074718 178.226112
0.270000 0.280000 -180.074790 240.345780
0.270000 0.310000 -286.315513 327.405247
0.270000 0.340000 -439.241596 424.752135
0.270000 0.370000 -636.966517 510.812563
0.270000 0.400000 -880.083884 567.839905
0.270000 0.430000 -1159.902493 572.803105
0.270000 0.460000 -1453.350835 500.974666
0.270000 0.490000 -1719.970116 333.970771
0.270000 0.520000 -1905.567738 71.316253
0.270000 0.550000 -1956.400116 -260.336798
0.270000 0.580000 -1841.569685 -612.291989
0.270000 0.610000 -1571.911526 -966.743898
0.300000 -0.620000 -5.703132 229.117822
0.300000 -0.590000 -6.621579 62.254167
0.300000 -0.560000 -7.822850 31.101545
0.300000 -0.530000 -9.411553 19.922850
0.300000 -0.500000 -11.523882 14.493048
0.300000 -0.470000 -14.318956 11.389604
0.300000 -0.440000 -17.937555 9.611105
0.300000 -0.410000 -22.395269 9.012136
0.300000 -0.380000 -27.389005 9.849336
0.300000 -0.350000 -32.092983 12.447157
0.300000 -0.320000 -35.212839 16.746693
0.300000 -0.290000 -35.569564 21.966623
0.300000 -0.260000 -32.901036 26.853399
0.300000 -0.230000 -28.017805 30.442969
0.300000 -0.200000 -22.115666 32.556832
0.300000 -0.170000 -16.046367 33.662323
0.300000 -0.140000 -10.139425 34.499366
0.300000 -0.110000 -4.463671 35.864720
0.300000 -0.080000 0.766854 38.538251
0.300000 -0.050000 4.854398 43.132890
0.300000 -0.020000 6.613792 49.751333
0.300000 0.010000 4.941448 57.707496
0.300000 0.040000 -0.380290 65.805736
0.300000 0.070000 -8.520110 73.109470
0.300000 0.100000 -18.281735 79.425066
0.300000 0.130000 -28.844358 85.129416
0.300000 0.160000 -39.986793 90.742852
0.300000 0.190000 -52.194538 97.097704
0.300000 0.220000 -69.815372 110.003225
0.300000 0.250000 -98.240924 133.137999
0.300000 0.280000 -144.258837 168.502172
0.300000 0.310000 -216.831608 216.606410
0.300000 0.340000 -326.696582 274.857213
0.300000 0.370000 -472.866302 327.731385
0.300000 0.400000 -645.027516 356.014809
0.300000 0.430000 -834.089189 345.943598
0.300000 0.460000 -1022.582743 284.840711
0.300000 0.490000 -1184.618085 165.804330
0.300000 0.520000 -1289.583948 -7.043179
0.300000 0.550000 -1310.338693 -216.113114
0.300000 0.580000 -1233.748967 -437.071655
0.300000 0.610000 -1068.325006 -683.880766
0.330000 -0.620000 -6.059840 228.278419
0.330000 -0.590000 -7.068807 61.145682
0.330000 -0.560000 -8.439721 29.610653
0.330000 -0.530000 -10.345575 17.886315
0.330000 -0.500000 -13.047765 11.684880
0.330000 -0.470000 -16.925706 7.525703
0.330000 -0.440000 -22.473976 4.414508
0.330000 -0.410000 -30.166755 2.422810
0.330000 -0.380000 -39.990278 2.452709
0.330000 -0.350000 -50.532659 5.927862
0.330000 -0.320000 -58.371447 13.577650
0.330000 -0.290000 -59.650753 23.737172
0.330000 -0.260000 -53.602249 32.791460
0.330000 -0.230000 -43.352478 38.239883
0.330000 -0.200000 -32.730218 40.265914
0.330000 -0.170000 -23.768624 40.449800
0.330000 -0.140000 -16.834324 40.276711
0.330000 -0.110000 -11.645911 40.702910
0.330000 -0.080000 -7.961827 42.262277
0.330000 -0.050000 -5.830809 45.181444
0.330000 -0.020000 -5.542732 49.383495
0.330000 0.010000 -7.387164 54.492062
0.330000 0.040000 -11.393265 59.970389
0.330000 0.070000 -17.266491 65.366165
0.330000 0.100000 -24.564750 70.480799
0.330000 0.130000 -32.936741 75.354731
0.330000 0.160000 -42.249382 80.137055
0.330000 0.190000 -52.585014 84.957356
0.330000 0.220000 -64.994050 90.889373
0.330000 0.250000 -84.380342 102.488881
0.330000 0.280000 -115.131209 120.892822
0.330000 0.310000 -162.314366 145.669571
0.330000 0.340000 -231.388025 174.328532
0.330000 0.370000 -326.930150 201.369962
0.330000 0.400000 -446.900974 216.218672
0.330000 0.430000 -574.689904 204.525605
0.330000 0.460000 -697.282596 159.571236
0.330000 0.490000 -798.544784 79.268592
0.330000 0.520000 -861.152066 -32.057072
0.330000 0.550000 -871.149089 -163.706023
0.330000 0.580000 -823.008206 -305.061946
0.330000 0.610000 -722.821903 -486.493544
0.360000 -0.620000 -6.322997 227.390969
0.360000 -0.590000 -7.380718 59.935694
0.360000 -0.560000 -8.872624 27.910947
0.360000 -0.530000 -11.057012 15.425794
0.360000 -0.500000 -14.380609 8.022687
0.360000 -0.470000 -19.624708 1.961509
0.360000 -0.440000 -28.130045 -4.074057
0.360000 -0.410000 -41.988639 -10.137751
0.360000 -0.380000 -63.527239 -14.357985
0.360000 -0.350000 -92.136740 -11.700655
0.360000 -0.320000 -117.718147 3.766112
0.360000 -0.290000 -122.418778 28.806837
0.360000 -0.260000 -102.198099 48.865737
0.360000 -0.230000 -73.065378 55.982442
0.360000 -0.200000 -48.939092 54.455249
0.360000 -0.170000 -32.850902 50.417153
0.360000 -0.140000 -22.937980 46.977226
0.360000 -0.110000 -17.004457 45.083443
0.360000 -0.080000 -13.659935 44.830845
0.360000 -0.050000 -12.232878 46.046954
0.360000 -0.020000 -12.481873 48.454895
0.360000 0.010000 -14.337223 51.712316
0.360000 0.040000 -17.722901 55.460922
0.360000 0.070000 -22.488866 59.401796
0.360000 0.100000 -28.444391 63.350058
0.360000 0.130000 -35.433410 67.232843
0.360000 0.160000 -43.389760 71.040686
0.360000 0.190000 -52.348916 74.766526
0.360000 0.220000 -62.426769 78.356388
0.360000 0.250000 -74.936364 82.775625
0.360000 0.280000 -94.343582 90.853446
0.360000 0.310000 -123.599299 102.162608
0.360000 0.340000 -165.426137 114.870208
0.360000 0.370000 -221.644283 125.523101
0.360000 0.400000 -291.982298 128.993486
0.360000 0.430000 -372.718334 119.067256
0.360000 0.460000 -453.750452 89.740382
0.360000 0.490000 -519.458396 38.711803
0.360000 0.520000 -559.711358 -30.786760
0.360000 0.550000 -567.228177 -112.779413
0.360000 0.580000 -539.784159 -204.518300
0.360000 0.610000 -481.575603 -345.205528
0.390000 -0.620000 -6.479252 226.501386
0.390000 -0.590000 -7.518387 58.687783
0.390000 -0.560000 -9.032678 26.083427
0.390000 -0.530000 -11.361931 12.618726
0.390000 -0.500000 -15.172183 3.482665
0.390000 -0.470000 -21.850807 -5.783367
0.390000 -0.440000 -34.466290 -17.950747
0.390000 -0.410000 -60.092327 -35.745337
0.390000 -0.380000 -114.492432 -60.230567
0.390000 -0.350000 -222.840060 -79.432453
0.390000 -0.320000 -369.577479 -46.448241
0.390000 -0.290000 -402.797260 56.294384
0.390000 -0.260000 -272.683251 117.800155
0.390000 -0.230000 -144.668357 109.722558
0.390000 -0.200000 -75.594623 85.472867
0.390000 -0.170000 -43.276125 67.056115
0.390000 -0.140000 -28.056163 55.892676
0.390000 -0.110000 -20.685795 49.813133
0.390000 -0.080000 -17.253743 47.036999
0.390000 -0.050000 -16.126583 46.442478
0.390000 -0.020000 -16.628029 47.318133
0.390000 0.010000 -18.473279 49.169896
0.390000 0.040000 -21.515856 51.627880
0.390000 0.070000 -25.643568 54.416189
0.390000 0.100000 -30.755392 57.343697
0.390000 0.130000 -36.775169 60.288467
0.390000 0.160000 -43.669472 63.169361
0.390000 0.190000 -51.452784 65.911938
0.390000 0.220000 -60.177504 68.417411
0.390000 0.250000 -69.912847 70.538911
0.390000 0.280000 -81.596352 72.691071
0.390000 0.310000 -98.824492 76.431467
0.390000 0.340000 -123.157563 80.730367
0.390000 0.370000 -155.296690 83.548814
0.390000 0.400000 -194.669983 82.081505
0.390000 0.430000 -238.851921 73.174518
0.390000 0.460000 -283.290031 54.117470
0.390000 0.490000 -321.686769 23.632148
0.390000 0.520000 -347.252602 -17.476365
0.390000 0.550000 -354.651917 -67.098876
0.390000 0.580000 -341.947117 -127.322265
0.390000 0.610000 -311.578945 -242.420787
0.420000 -0.620000 -6.533982 225.672013
0.420000 -0.590000 -7.465149 57.500659
0.420000 -0.560000 -8.850996 24.284177
0.420000 -0.530000 -11.067536 9.701058
0.420000 -0.500000 -14.938101 -1.643923
0.420000 -0.470000 -22.477651 -15.703162
0.420000 -0.440000 -39.388243 -39.546429
0.420000 -0.410000 -85.317836 -90.163778
0.420000 -0.380000 -249.708872 -224.603850
0.420000 -0.350000 -1140.542792 -689.722934
0.420000 -0.320000 -8718.556904 -2158.537127
0.420000 -0.290000 -15701.589965 1981.711474
0.420000 -0.260000 -2151.979912 1092.803546
0.420000 -0.230000 -392.492056 357.902225
0.420000 -0.200000 -119.849692 161.750013
0.420000 -0.170000 -52.951614 95.166808
0.420000 -0.140000 -30.909814 67.665945
0.420000 -0.110000 -22.388934 54.987118
0.420000 -0.080000 -19.082529 49.020272
0.420000 -0.050000 -18.297696 46.535698
0.420000 -0.020000 -19.045555 46.042747
0.420000 0.010000 -20.931673 46.752052
0.420000 0.040000 -23.780795 48.190704
0.420000 0.070000 -27.497798 50.049525
0.420000 0.100000 -32.019758 52.117172
0.420000 0.130000 -37.305267 54.244199
0.420000 0.160000 -43.335146 56.315576
0.420000 0.190000 -50.111605 58.226143
0.420000 0.220000 -57.651132 59.859464
0.420000 0.250000 -65.970830 61.071500
0.420000 0.280000 -75.069524 61.679880
0.420000 0.310000 -85.134194 61.577288
0.420000 0.340000 -98.607490 61.480257
0.420000 0.370000 -116.333825 60.571756
0.420000 0.400000 -137.872469 57.330704
0.420000 0.430000 -161.808183 50.121760
0.420000 0.460000 -185.701347 37.584449
0.420000 0.490000 -206.364880 19.027772
0.420000 0.520000 -220.514653 -5.493780
0.420000 0.550000 -225.664263 -36.172527
0.420000 0.580000 -220.947052 -78.514924
0.420000 0.610000 -207.484034 -180.289774
0.450000 -0.620000 -6.523748 224.974073
0.450000 -0.590000 -7.250023 56.498294
0.450000 -0.560000 -8.326688 22.738176
0.450000 -0.530000 -10.072582 7.096414
0.450000 -0.500000 -13.248865 -6.549004
0.450000 -0.470000 -19.982126 -26.397138
0.450000 -0.440000 -37.764875 -68.256918
0.450000 -0.410000 -105.594409 -198.565772
0.450000 -0.380000 -715.934544 -1115.453124
0.450000 -0.350000 -19224.456163 -19198.231076
0.450000 -0.320000 -1046.183181 -396.292181
0.450000 -0.290000 -859.148051 189.651134
0.450000 -0.260000 -3254.268367 2616.474018
0.450000 -0.230000 -2401.365056 3369.701429
0.450000 -0.200000 -175.390652 352.651474
0.450000 -0.170000 -54.481168 136.734170
0.450000 -0.140000 -29.324737 80.942680
0.450000 -0.110000 -21.674650 59.816847
0.450000 -0.080000 -19.317778 50.464273
0.450000 -0.050000 -19.189679 46.223025
0.450000 -0.020000 -20.310923 44.572123
0.450000 0.010000 -22.322898 44.365093
0.450000 0.040000 -25.080606 44.998232
0.450000 0.070000 -28.517301 46.113270
0.450000 0.100000 -32.596606 47.476465
0.450000 0.130000 -37.296823 48.921939
0.450000 0.160000 -42.606281 50.319538
0.450000 0.190000 -48.520233 51.552932
0.450000 0.220000 -55.035248 52.503386
0.450000 0.250000 -62.140009 53.038120
0.450000 0.280000 -69.802856 53.003235
0.450000 0.310000 -77.957109 52.221472
0.450000 0.340000 -86.485738 50.495021
0.450000 0.370000 -95.831502 47.768820
0.450000 0.400000 -107.196284 43.867599
0.450000 0.430000 -119.894715 37.924347
0.450000 0.460000 -132.669721 29.164862
0.450000 0.490000 -143.926499 17.054612
0.450000 0.520000 -152.057760 1.150934
0.450000 0.550000 -155.854791 -19.927840
0.450000 0.580000 -154.861332 -53.332621
0.450000 0.610000 -149.515996 -148.461314
0.480000 -0.620000 -6.527881 224.473428
0.480000 -0.590000 -6.969113 55.803209
0.480000 -0.560000 -7.576861 21.689766
0.480000 -0.530000 -8.503237 5.334265
0.480000 -0.500000 -10.129374 -9.965065
0.480000 -0.470000 -13.609195 -34.458833
0.480000 -0.440000 -23.642346 -93.989724
0.480000 -0.410000 -73.997870 -345.392176
0.480000 -0.380000 -2186.162812 -8693.507574
0.480000 -0.350000 -423.947874 -1019.966419
0.480000 -0.320000 -171.216265 -143.555502
0.480000 -0.290000 -171.110243 99.751936
0.480000 -0.260000 -254.175418 507.607254
0.480000 -0.230000 -28419.565572 99450.994987
0.480000 -0.200000 -146.346938 695.273747
0.480000 -0.170000 -36.284533 177.578865
0.480000 -0.140000 -21.838285 90.973026
0.480000 -0.110000 -18.592995 62.684801
0.480000 -0.080000 -18.284119 50.787155
0.480000 -0.050000 -19.195105 45.286144
0.480000 -0.020000 -20.838629 42.805755
0.480000 0.010000 -23.056007 41.928546
0.480000 0.040000 -25.793262 41.955838
0.480000 0.070000 -29.031360 42.495070
0.480000 0.100000 -32.762195 43.299365
0.480000 0.130000 -36.980505 44.196448
0.480000 0.160000 -41.681087 45.052502
0.480000 0.190000 -46.856573 45.751041
0.480000 0.220000 -52.493668 46.179256
0.480000 0.250000 -58.567198 46.219186
0.480000 0.280000 -65.032217 45.742801
0.480000 0.310000 -71.814995 44.610757
0.480000 0.340000 -78.804170 42.674492
0.480000 0.370000 -85.843836 39.780686
0.480000 0.400000 -92.730776 35.775334
0.480000 0.430000 -99.327205 30.500704
0.480000 0.460000 -105.962386 23.670939
0.480000 0.490000 -112.014222 14.797822
0.480000 0.520000 -116.683656 3.152926
0.480000 0.550000 -119.347908 -13.242655
0.480000 0.580000 -119.715108 -42.325488
0.480000 0.610000 -117.882218 -134.252991
0.510000 -0.620000 -6.678055 224.213406
0.510000 -0.590000 -6.796171 55.499095
0.510000 -0.560000 -6.856983 21.315521
0.510000 -0.530000 -6.785054 4.831072
0.510000 -0.500000 -6.386398 -10.753629
0.510000 -0.470000 -5.060865 -36.055016
0.510000 -0.440000 -0.297715 -98.900649
0.510000 -0.410000 27.002276 -378.733405
0.510000 -0.380000 1952.324238 -15676.595807
0.510000 -0.350000 160.232094 -832.944828
0.510000 -0.320000 70.335005 -143.446800
0.510000 -0.290000 84.547186 113.957044
0.510000 -0.260000 94.815089 444.554183
0.510000 -0.230000 3831.106310 26923.303602
0.510000 -0.200000 63.500654 786.115963
0.510000 -0.170000 -1.433138 184.498749
0.510000 -0.140000 -10.715641 91.707630
0.510000 -0.110000 -14.270532 62.006361
0.510000 -0.080000 -16.636822 49.488092
0.510000 -0.050000 -18.780546 43.548490
0.510000 -0.020000 -21.014648 40.667958
0.510000 0.010000 -23.473723 39.389412
0.510000 0.040000 -26.227568 39.005209
0.510000 0.070000 -29.315742 39.123948
0.510000 0.100000 -32.760474 39.502775
0.510000 0.130000 -36.572454 39.973821
0.510000 0.160000 -40.753453 40.408060
0.510000 0.190000 -45.296739 40.695537
0.510000 0.220000 -50.185496 40.733634
0.510000 0.250000 -55.389495 40.420053
0.510000 0.280000 -60.860469 39.649155
0.510000 0.310000 -66.526957 38.310994
0.510000 0.340000 -72.289605 36.292366
0.510000 0.370000 -78.018190 33.478571
0.510000 0.400000 -83.551780 29.752905
0.510000 0.430000 -88.703354 24.987271
0.510000 0.460000 -93.269801 19.008171
0.510000 0.490000 -97.047270 11.496501
0.510000 0.520000 -99.850540 1.689807
0.510000 0.550000 -101.533636 -12.635386
0.510000 0.580000 -102.007950 -39.779132
0.510000 0.610000 -101.254043 -130.234289
0.540000 -0.620000 -7.172251 224.201864
0.540000 -0.590000 -6.984441 55.600442
0.540000 -0.560000 -6.535739 21.645413
0.540000 -0.530000 -5.554901 5.658031
0.540000 -0.500000 -3.376273 -8.712585
0.540000 -0.470000 1.930251 -30.448072
0.540000 -0.440000 17.591569 -78.959070
0.540000 -0.410000 86.290476 -248.769314
0.540000 -0.380000 1061.190440 -2127.042651
0.540000 -0.350000 2584.845646 -3228.064545
0.540000 -0.320000 476.011447 -226.487495
0.540000 -0.290000 413.002231 124.241597
0.540000 -0.260000 1027.701612 1059.231882
0.540000 -0.230000 7833.222034 13751.439187
0.540000 -0.200000 159.040481 454.119674
0.540000 -0.170000 23.962896 149.340005
0.540000 -0.140000 -1.626310 81.968258
0.540000 -0.110000 -10.621286 57.529788
0.540000 -0.080000 -15.268022 46.512691
0.540000 -0.050000 -18.490886 41.004141
0.540000 -0.020000 -21.246527 38.158085
0.540000 0.010000 -23.919937 36.736747
0.540000 0.040000 -26.690561 36.119759
0.540000 0.070000 -29.650527 35.957050
0.540000 0.100000 -32.848995 36.028641
0.540000 0.130000 -36.310747 36.181382
0.540000 0.160000 -40.044406 36.297565
0.540000 0.190000 -44.045734 36.277993
0.540000 0.220000 -48.298118 36.032286
0.540000 0.250000 -52.771311 35.473314
0.540000 0.280000 -57.419138 34.514326
0.540000 0.310000 -62.176888 33.067979
0.540000 0.340000 -66.959195 31.046390
0.540000 0.370000 -71.659274 28.360787
0.540000 0.400000 -76.150395 24.917800
0.540000 0.430000 -80.290316 20.605989
0.540000 0.460000 -83.929058 15.257502
0.540000 0.490000 -86.919750 8.544155
0.540000 0.520000 -89.131551 -0.322300
0.540000 0.550000 -90.462870 -13.607160
0.540000 0.580000 -90.852681 -39.664609
0.540000 0.610000 -90.287763 -129.047606
0.570000 -0.620000 -8.316679 224.409055
0.570000 -0.590000 -7.888619 56.047409
0.570000 -0.560000 -7.065711 22.549001
0.570000 -0.530000 -5.481663 7.498147
0.570000 -0.500000 -2.304811 -4.738193
0.570000 -0.470000 4.605794 -20.802935
0.570000 -0.440000 21.806712 -50.183079
0.570000 -0.410000 75.267048 -120.924389
0.570000 -0.380000 323.352291 -367.595370
0.570000 -0.350000 3335.176818 -2375.123088
0.570000 -0.320000 99416.560700 -28391.804686
0.570000 -0.290000 26888.978986 3860.602331
0.570000 -0.260000 13717.204844 7864.784253
0.570000 -0.230000 598.307647 632.504964
0.570000 -0.200000 112.834404 204.071541
0.570000 -0.170000 27.352273 103.367130
0.570000 -0.140000 1.537618 66.957034
0.570000 -0.110000 -9.243862 50.613146
0.570000 -0.080000 -15.038716 42.328807
0.570000 -0.050000 -18.909941 37.846367
0.570000 -0.020000 -22.000552 35.362258
0.570000 0.010000 -24.804687 34.004031
0.570000 0.040000 -27.560789 33.300937
0.570000 0.070000 -30.393022 32.972873
0.570000 0.100000 -33.368282 32.836939
0.570000 0.130000 -36.521252 32.762404
0.570000 0.160000 -39.865989 32.647348
0.570000 0.190000 -43.401217 32.405795
0.570000 0.220000 -47.112349 31.960319
0.570000 0.250000 -50.971696 31.237827
0.570000 0.280000 -54.937761 30.167308
0.570000 0.310000 -58.954266 28.678776
0.570000 0.340000 -62.949577 26.702529
0.570000 0.370000 -66.837113 24.167258
0.570000 0.400000 -70.517301 20.994154
0.570000 0.430000 -73.881462 17.080847
0.570000 0.460000 -76.817745 12.260458
0.570000 0.490000 -79.218832 6.195651
0.570000 0.520000 -80.990680 -1.921972
0.570000 0.550000 -82.061186 -14.388090
0.570000 0.580000 -82.387420 -39.594963
0.570000 0.610000 -81.960203 -128.137327
0.600000 -0.620000 -10.660324 224.777419
0.600000 -0.590000 -10.083594 56.729229
0.600000 -0.560000 -9.063818 23.797548
0.600000 -0.530000 -7.244113 9.834724
0.600000 -0.500000 -3.894667 -0.140952
0.600000 -0.470000 2.595011 -10.989402
0.600000 -0.440000 16.100158 -26.492809
0.600000 -0.410000 46.810006 -52.023045
0.600000 -0.380000 123.030436 -94.951081
0.600000 -0.350000 314.030501 -149.043545
0.600000 -0.320000 656.833918 -118.434214
0.600000 -0.290000 747.883758 93.149588
0.600000 -0.260000 416.077299 190.718825
0.600000 -0.230000 166.165076 147.078544
0.600000 -0.200000 60.541825 98.396870
0.600000 -0.170000 17.931157 68.960965
0.600000 -0.140000 -1.104179 52.486800
0.600000 -0.110000 -10.875065 43.123394
0.600000 -0.080000 -16.698843 37.649193
0.600000 -0.050000 -20.729838 34.383977
0.600000 -0.020000 -23.925735 32.424135
0.600000 0.010000 -26.749648 31.256488
0.600000 0.040000 -29.441788 30.570570
0.600000 0.070000 -32.133193 30.165317
0.600000 0.100000 -34.896759 29.900868
0.600000 0.130000 -37.771491 29.672594
0.600000 0.160000 -40.774487 29.396518
0.600000 0.190000 -43.906875 29.000832
0.600000 0.220000 -47.156608 28.420874
0.600000 0.250000 -50.499570 27.596169
0.600000 0.280000 -53.899829 26.468727
0.600000 0.310000 -57.309672 24.981936
0.600000 0.340000 -60.669889 23.079230
0.600000 0.370000 -63.910758 20.701132
0.600000 0.400000 -66.954055 17.777905
0.600000 0.430000 -69.716310 14.211857
0.600000 0.460000 -72.113314 9.834848
0.600000 0.490000 -74.065635 4.301237
0.600000 0.520000 -75.504622 -3.213045
0.600000 0.550000 -76.378199 -15.026035
0.600000 0.580000 -76.655604 -39.557286
0.600000 0.610000 -76.330348 -127.431173
0.630000 -0.620000 -15.427639 225.238157
0.630000 -0.590000 -14.793800 57.521486
0.630000 -0.560000 -13.739085 25.155002
0.630000 -0.530000 -11.978029 12.196171
0.630000 -0.500000 -8.993506 4.092622
0.630000 -0.470000 -3.823896 -3.069340
0.630000 -0.440000 5.330053 -10.902738
0.630000 -0.410000 21.673861 -19.845115
0.630000 -0.380000 49.812134 -27.970017
0.630000 -0.350000 91.596075 -27.924129
0.630000 -0.320000 132.753240 -8.105689
0.630000 -0.290000 140.014872 28.484919
0.630000 -0.260000 105.177906 55.872065
0.630000 -0.230000 59.469070 61.755661
0.630000 -0.200000 25.239127 55.846045
0.630000 -0.170000 4.131880 47.790123
0.630000 -0.140000 -8.413212 41.127267
0.630000 -0.110000 -16.172527 36.343616
0.630000 -0.080000 -21.364080 33.085932
0.630000 -0.050000 -25.187774 30.919038
0.630000 -0.020000 -28.290229 29.496972
0.630000 0.010000 -31.028211 28.570058
0.630000 0.040000 -33.604463 27.960189
0.630000 0.070000 -36.136801 27.537325
0.630000 0.100000 -38.693740 27.202604
0.630000 0.130000 -41.313256 26.877155
0.630000 0.160000 -44.012855 26.494868
0.630000 0.190000 -46.794980 25.997775
0.630000 0.220000 -49.649881 25.333113
0.630000 0.250000 -52.557083 24.451474
0.630000 0.280000 -55.486155 23.305577
0.630000 0.310000 -58.397278 21.849152
0.630000 0.340000 -61.241972 20.035205
0.630000 0.370000 -63.964294 17.812336
0.630000 0.400000 -66.502710 15.116444
0.630000 0.430000 -68.792759 11.852008
0.630000 0.460000 -70.770476 7.848685
0.630000 0.490000 -72.376372 2.753670
0.630000 0.520000 -73.559634 -4.269297
0.630000 0.550000 -74.282066 -15.554902
0.630000 0.580000 -74.521263 -39.542589
0.630000 0.610000 -74.272572 -126.878157
0.660000 -0.620000 -26.132092 225.727031
0.660000 -0.590000 -25.514482 58.317644
0.660000 -0.560000 -24.539101 26.442575
0.660000 -0.530000 -23.007359 14.286520
0.660000 -0.500000 -20.603760 7.519726
0.660000 -0.470000 -16.838862 2.606419
0.660000 -0.440000 -11.008602 -1.495288
0.660000 -0.410000 -2.295303 -4.673399
0.660000 -0.380000 9.661175 -5.708622
0.660000 -0.350000 23.331954 -2.404743
0.660000 -0.320000 33.855078 6.762306
0.660000 -0.290000 35.106140 19.623369
0.660000 -0.260000 25.854564 30.659404
0.660000 -0.230000 11.264484 36.239969
0.660000 -0.200000 -2.879887 37.005908
0.660000 -0.170000 -14.031153 35.315125
0.660000 -0.140000 -22.134532 32.951078
0.660000 -0.110000 -27.968372 30.755556
0.660000 -0.080000 -32.311656 28.991146
0.660000 -0.050000 -35.734485 27.666573
0.660000 -0.020000 -38.612841 26.704852
0.660000 0.010000 -41.185811 26.012105
0.660000 0.040000 -43.603772 25.500764
0.660000 0.070000 -45.960661 25.094898
0.660000 0.100000 -48.313957 24.729482
0.660000 0.130000 -50.696697 24.348127
0.660000 0.160000 -53.124604 23.900832
0.660000 0.190000 -55.600290 23.342169
0.660000 0.220000 -58.115711 22.629945
0.660000 0.250000 -60.653627 21.724221
0.660000 0.280000 -63.188552 20.586451
0.660000 0.310000 -65.687549 19.178382
0.660000 0.340000 -68.111126 17.460050
0.660000 0.370000 -70.414449 15.385614
0.660000 0.400000 -72.548995 12.894452
0.660000 0.430000 -74.464701 9.891810
0.660000 0.460000 -76.112566 6.204869
0.660000 0.490000 -77.447562 1.474809
0.660000 0.520000 -78.431607 -5.144135
0.660000 0.550000 -79.036299 -15.999185
0.660000 0.580000 -79.245086 -39.544506
0.660000 0.610000 -79.054596 -126.441632
0.690000 -0.620000 -57.012008 226.194244
0.690000 -0.590000 -56.458847 59.044416
0.690000 -0.560000 -55.624860 27.557837
0.690000 -0.530000 -54.386094 15.984781
0.690000 -0.500000 -52.571603 10.086824
0.690000 -0.470000 -49.964292 6.434095
0.690000 -0.440000 -46.338196 4.041525
0.690000 -0.410000 -41.582936 2.837181
0.690000 -0.380000 -35.969786 3.244257
0.690000 -0.350000 -30.493616 5.820851
0.690000 -0.320000 -26.895532 10.632311
0.690000 -0.290000 -26.838360 16.679578
0.690000 -0.260000 -30.625750 22.218242
0.690000 -0.230000 -36.935537 25.923462
0.690000 -0.200000 -43.926466 27.587559
0.690000 -0.170000 -50.334383 27.777767
0.690000 -0.140000 -55.691754 27.194401
0.690000 -0.110000 -60.028856 26.339654
0.690000 -0.080000 -63.562483 25.483938
0.690000 -0.050000 -66.528082 24.738282
0.690000 -0.020000 -69.119929 24.126311
0.690000 0.010000 -71.481771 23.630299
0.690000 0.040000 -73.714297 23.215661
0.690000 0.070000 -75.885431 22.842570
0.690000 0.100000 -78.039012 22.470920
0.690000 0.130000 -80.201097 22.062134
0.690000 0.160000 -82.384245 21.579594
0.690000 0.190000 -84.590332 20.988541
0.690000 0.220000 -86.812385 20.255769
0.690000 0.250000 -89.035817 19.349229
0.690000 0.280000 -91.239344 18.237419
0.690000 0.310000 -93.395812 16.888296
0.690000 0.340000 -95.473103 15.267085
0.690000 0.370000 -97.435260 13.331795
0.690000 0.400000 -99.243886 11.023928
0.690000 0.430000 -100.859874 8.248728
0.690000 0.460000 -102.245384 4.830961
0.690000 0.490000 -103.365998 0.406830
0.690000 0.520000 -104.192852 -5.876868
0.690000 0.550000 -104.704569 -16.376897
0.690000 0.580000 -104.888769 -39.558457
0.690000 0.610000 -104.742986 -126.094817
